# density = 0.3, beta = 1
# Hard core distances: {{1,1},{1,1}}
# Well range distances: {{1.5,1.5},{1.5,1.5}}
# Depth of well: {{-1,0},{0,-1}}
# Sample information: init cycles = 1000000, sample cycles = 1000000

 x g(x) g11(x) g12(x) g22(x)
0.005 0	0	0	0
0.015 0	0	0	0
0.025 0	0	0	0
0.035 0	0	0	0
0.045 0	0	0	0
0.055 0	0	0	0
0.065 0	0	0	0
0.075 0	0	0	0
0.085 0	0	0	0
0.095 0	0	0	0
0.105 0	0	0	0
0.115 0	0	0	0
0.125 0	0	0	0
0.135 0	0	0	0
0.145 0	0	0	0
0.155 0	0	0	0
0.165 0	0	0	0
0.175 0	0	0	0
0.185 0	0	0	0
0.195 0	0	0	0
0.205 0	0	0	0
0.215 0	0	0	0
0.225 0	0	0	0
0.235 0	0	0	0
0.245 0	0	0	0
0.255 0	0	0	0
0.265 0	0	0	0
0.275 0	0	0	0
0.285 0	0	0	0
0.295 0	0	0	0
0.305 0	0	0	0
0.315 0	0	0	0
0.325 0	0	0	0
0.335 0	0	0	0
0.345 0	0	0	0
0.355 0	0	0	0
0.365 0	0	0	0
0.375 0	0	0	0
0.385 0	0	0	0
0.395 0	0	0	0
0.405 0	0	0	0
0.415 0	0	0	0
0.425 0	0	0	0
0.435 0	0	0	0
0.445 0	0	0	0
0.455 0	0	0	0
0.465 0	0	0	0
0.475 0	0	0	0
0.485 0	0	0	0
0.495 0	0	0	0
0.505 0	0	0	0
0.515 0	0	0	0
0.525 0	0	0	0
0.535 0	0	0	0
0.545 0	0	0	0
0.555 0	0	0	0
0.565 0	0	0	0
0.575 0	0	0	0
0.585 0	0	0	0
0.595 0	0	0	0
0.605 0	0	0	0
0.615 0	0	0	0
0.625 0	0	0	0
0.635 0	0	0	0
0.645 0	0	0	0
0.655 0	0	0	0
0.665 0	0	0	0
0.675 0	0	0	0
0.685 0	0	0	0
0.695 0	0	0	0
0.705 0	0	0	0
0.715 0	0	0	0
0.725 0	0	0	0
0.735 0	0	0	0
0.745 0	0	0	0
0.755 0	0	0	0
0.765 0	0	0	0
0.775 0	0	0	0
0.785 0	0	0	0
0.795 0	0	0	0
0.805 0	0	0	0
0.815 0	0	0	0
0.825 0	0	0	0
0.835 0	0	0	0
0.845 0	0	0	0
0.855 0	0	0	0
0.865 0	0	0	0
0.875 0	0	0	0
0.885 0	0	0	0
0.895 0	0	0	0
0.905 0	0	0	0
0.915 0	0	0	0
0.925 0	0	0	0
0.935 0	0	0	0
0.945 0	0	0	0
0.955 0	0	0	0
0.965 0	0	0	0
0.975 0	0	0	0
0.985 0	0	0	0
0.995 0	0	0	0
1.005 1.47766	0.945986	2.00845	0.94508
1.015 1.45699	0.930663	1.98212	0.93043
1.025 1.43579	0.915688	1.95519	0.914476
1.035 1.41589	0.901621	1.92867	0.902038
1.045 1.39804	0.888338	1.90689	0.887471
1.055 1.37712	0.87374	1.87969	0.872839
1.065 1.35818	0.861589	1.85428	0.860061
1.075 1.33979	0.847445	1.83052	0.848208
1.085 1.32259	0.835393	1.80882	0.834899
1.095 1.30335	0.822073	1.78374	0.821464
1.105 1.28724	0.810994	1.76233	0.810914
1.115 1.27016	0.798876	1.74034	0.798705
1.125 1.25288	0.787225	1.71741	0.787142
1.135 1.2352	0.7742	1.69433	0.775636
1.145 1.21975	0.764062	1.67426	0.764134
1.155 1.20452	0.753474	1.65447	0.753402
1.165 1.18842	0.743376	1.63248	0.743119
1.175 1.17396	0.732258	1.61424	0.732875
1.185 1.15888	0.722812	1.59422	0.7221
1.195 1.14415	0.711798	1.57521	0.712212
1.205 1.13016	0.702037	1.55683	0.702796
1.215 1.11685	0.694779	1.53884	0.692812
1.225 1.1021	0.683828	1.51906	0.684352
1.235 1.08903	0.674844	1.50221	0.674796
1.245 1.07593	0.66623	1.48483	0.665806
1.255 1.06271	0.657601	1.4669	0.657402
1.265 1.05062	0.649245	1.45113	0.64896
1.275 1.03836	0.640904	1.43531	0.639938
1.285 1.02631	0.633338	1.41871	0.632522
1.295 1.01463	0.624205	1.40395	0.624472
1.305 1.0033	0.616648	1.38849	0.617649
1.315 0.991704	0.609531	1.37289	0.609588
1.325 0.980682	0.60231	1.35834	0.601838
1.335 0.96931	0.59463	1.3432	0.594333
1.345 0.959614	0.587803	1.33045	0.587901
1.355 0.94972	0.581245	1.31718	0.58144
1.365 0.938952	0.57427	1.30274	0.574236
1.375 0.929835	0.568246	1.29028	0.568732
1.385 0.919965	0.561627	1.27757	0.5613
1.395 0.910487	0.554413	1.26508	0.555592
1.405 0.901897	0.549691	1.25317	0.549801
1.415 0.892773	0.543947	1.24088	0.543644
1.425 0.883927	0.537247	1.22956	0.537601
1.435 0.874898	0.531447	1.21769	0.531041
1.445 0.867107	0.526685	1.20715	0.525746
1.455 0.858608	0.520151	1.19595	0.520694
1.465 0.850849	0.515044	1.18525	0.516178
1.475 0.8434	0.509669	1.17556	0.511155
1.485 0.835806	0.506235	1.16517	0.505003
1.495 0.828765	0.500913	1.1559	0.500698
1.505 1.24658	1.34729	1.14566	1.34821
1.515 1.23638	1.337	1.13659	1.33582
1.525 1.22648	1.3245	1.12836	1.3252
1.535 1.21569	1.31231	1.11885	1.31322
1.545 1.20619	1.30079	1.11081	1.30282
1.555 1.19595	1.29006	1.10224	1.28973
1.565 1.18671	1.27895	1.0944	1.27954
1.575 1.17743	1.26906	1.08634	1.26843
1.585 1.16927	1.25895	1.08006	1.25847
1.595 1.15973	1.24886	1.07114	1.24821
1.605 1.15129	1.23931	1.06423	1.23781
1.615 1.14307	1.22843	1.05749	1.22929
1.625 1.1355	1.22085	1.05056	1.22047
1.635 1.12747	1.21084	1.04449	1.21046
1.645 1.12042	1.20299	1.03809	1.20292
1.655 1.11342	1.19535	1.03228	1.1942
1.665 1.10646	1.18686	1.02627	1.18683
1.675 1.09947	1.17899	1.02021	1.17886
1.685 1.09346	1.17162	1.01561	1.1714
1.695 1.08643	1.16343	1.00943	1.16382
1.705 1.08076	1.15672	1.00485	1.157
1.715 1.07588	1.15051	1.00122	1.15096
1.725 1.06977	1.14427	0.995955	1.14327
1.735 1.06418	1.13726	0.991111	1.13762
1.745 1.05922	1.13108	0.987457	1.13126
1.755 1.05437	1.12505	0.983403	1.12599
1.765 1.04948	1.11944	0.979456	1.11991
1.775 1.04497	1.11368	0.976069	1.11442
1.785 1.04074	1.10922	0.972379	1.10934
1.795 1.0365	1.10474	0.968894	1.10382
1.805 1.03256	1.09978	0.96582	1.09914
1.815 1.0288	1.0951	0.963129	1.09415
1.825 1.02564	1.09155	0.960003	1.09131
1.835 1.02219	1.08654	0.957958	1.08662
1.845 1.01858	1.08297	0.954453	1.08276
1.855 1.01615	1.07912	0.953237	1.0793
1.865 1.01335	1.0759	0.951307	1.07519
1.875 1.01087	1.07259	0.949096	1.07298
1.885 1.00839	1.06934	0.947575	1.06938
1.895 1.00612	1.06624	0.946373	1.06577
1.905 1.00381	1.06334	0.944628	1.06293
1.915 1.00232	1.06111	0.943648	1.06116
1.925 1.00079	1.05946	0.942578	1.05885
1.935 0.99934	1.05685	0.942053	1.05669
1.945 0.997796	1.05394	0.941324	1.05488
1.955 0.99635	1.0524	0.940239	1.05281
1.965 0.996031	1.05233	0.940591	1.05089
1.975 0.994947	1.04964	0.940097	1.05022
1.985 0.994095	1.04867	0.939617	1.04875
1.995 0.993689	1.04698	0.939976	1.0481
2.005 0.99407	1.04724	0.941076	1.04716
2.015 0.993188	1.04584	0.940815	1.04554
2.025 0.992753	1.04434	0.941094	1.04475
2.035 0.993147	1.04465	0.94192	1.04436
2.045 0.992289	1.04318	0.941787	1.04265
2.055 0.992292	1.0422	0.942484	1.04225
2.065 0.991301	1.04036	0.942031	1.04103
2.075 0.990815	1.03992	0.942209	1.03916
2.085 0.990455	1.03798	0.942657	1.03876
2.095 0.98997	1.03684	0.943236	1.0368
2.105 0.989512	1.03613	0.943172	1.03581
2.115 0.989286	1.03515	0.943565	1.03509
2.125 0.98872	1.03411	0.943743	1.03351
2.135 0.9881	1.03289	0.943721	1.03229
2.145 0.987651	1.03045	0.944517	1.03134
2.155 0.987416	1.0299	0.944789	1.03039
2.165 0.986816	1.02841	0.945259	1.02855
2.175 0.986432	1.02747	0.945828	1.0268
2.185 0.986024	1.02617	0.94634	1.02545
2.195 0.985438	1.0246	0.946354	1.02465
2.205 0.985391	1.02342	0.94744	1.02346
2.215 0.984907	1.02252	0.947555	1.02218
2.225 0.984799	1.02165	0.948506	1.02072
2.235 0.98443	1.02	0.949077	1.01974
2.245 0.984297	1.01864	0.950224	1.01827
2.255 0.983338	1.01668	0.949973	1.01689
2.265 0.983472	1.01668	0.950791	1.01579
2.275 0.983645	1.01566	0.952114	1.01485
2.285 0.98337	1.01424	0.952531	1.01433
2.295 0.983508	1.01328	0.953546	1.01381
2.305 0.9832	1.01225	0.954311	1.01207
2.315 0.983345	1.01145	0.955321	1.01142
2.325 0.983222	1.00972	0.956666	1.00997
2.335 0.98352	1.00925	0.957745	1.00946
2.345 0.983448	1.00819	0.958458	1.00881
2.355 0.983792	1.00733	0.960106	1.00774
2.365 0.983776	1.00656	0.961172	1.00631
2.375 0.984438	1.00662	0.962747	1.00575
2.385 0.984858	1.00493	0.964691	1.00522
2.395 0.984539	1.00335	0.965419	1.00406
2.405 0.985679	1.00392	0.967518	1.00386
2.415 0.985925	1.00283	0.968974	1.003
2.425 0.986863	1.00269	0.970784	1.00328
2.435 0.987501	1.00287	0.972452	1.0023
2.445 0.98788	1.00141	0.974327	1.00152
2.455 0.98871	1.00109	0.976117	1.00158
2.465 0.989641	1.00114	0.978133	1.00121
2.475 0.990229	1.00024	0.979876	1.00098
2.485 0.991652	1.00069	0.982535	1.00089
2.495 0.992404	1.0004	0.984254	1.00075
2.505 0.993602	1.0006	0.986762	1.00032
2.515 0.994489	1.00026	0.988694	1.00034
2.525 0.995685	1.0002	0.990761	1.00104
2.535 0.996489	1.00025	0.992767	1.00019
2.545 0.996702	0.999327	0.994216	0.999064
2.555 0.997908	0.999341	0.996452	0.999395
2.565 0.99856	0.99954	0.997679	0.999349
2.575 0.999171	0.999066	0.999394	0.998828
2.585 0.999494	0.998045	1.00056	0.998805
2.595 1.00034	0.998687	1.00219	0.998285
2.605 1.00057	0.997865	1.00326	0.997898
2.615 1.00092	0.997739	1.00454	0.996862
2.625 1.00151	0.997239	1.00559	0.997587
2.635 1.00215	0.997562	1.00677	0.997475
2.645 1.00194	0.995811	1.00765	0.996596
2.655 1.00241	0.99669	1.00851	0.995916
2.665 1.00261	0.995968	1.00934	0.995753
2.675 1.00301	0.996061	1.01033	0.995306
2.685 1.00279	0.994945	1.01042	0.995315
2.695 1.00326	0.995399	1.01121	0.995172
2.705 1.00326	0.994616	1.01172	0.994955
2.715 1.00345	0.994121	1.01259	0.99447
2.725 1.00347	0.994007	1.01282	0.994178
2.735 1.00353	0.993697	1.01295	0.994478
2.745 1.00341	0.993562	1.01348	0.993076
2.755 1.00354	0.993048	1.01365	0.993755
2.765 1.0037	0.993109	1.01408	0.993482
2.775 1.00365	0.99282	1.01444	0.992855
2.785 1.00376	0.992771	1.01467	0.992896
2.795 1.00349	0.992085	1.0147	0.992423
2.805 1.00351	0.991831	1.01489	0.992387
2.815 1.00346	0.99198	1.01476	0.992272
2.825 1.00325	0.99174	1.01472	0.991763
2.835 1.00354	0.991763	1.01528	0.99179
2.845 1.00339	0.991958	1.01481	0.991936
2.855 1.00339	0.991964	1.01489	0.991783
2.865 1.00346	0.992295	1.01497	0.991528
2.875 1.0033	0.991798	1.01491	0.991519
2.885 1.00342	0.991667	1.01501	0.991938
2.895 1.00337	0.992155	1.01454	0.992194
2.905 1.00332	0.992608	1.01432	0.991974
2.915 1.00334	0.992141	1.01428	0.992617
2.925 1.0031	0.99205	1.01419	0.991916
2.935 1.00317	0.992195	1.01387	0.992663
2.945 1.00298	0.992076	1.01372	0.992349
2.955 1.00318	0.99274	1.01354	0.992866
2.965 1.00316	0.992999	1.01313	0.993321
2.975 1.00322	0.993442	1.01295	0.993501
2.985 1.00337	0.993992	1.01287	0.993688
2.995 1.00333	0.994155	1.01251	0.99411
3.005 1.00336	0.994708	1.01204	0.994595
3.015 1.00363	0.995142	1.01213	0.995071
3.025 1.00339	0.99535	1.01157	0.995035
3.035 1.00358	0.995399	1.01159	0.995713
3.045 1.00353	0.995685	1.01112	0.996147
3.055 1.00365	0.996116	1.01105	0.996347
3.065 1.00348	0.996396	1.01049	0.996531
3.075 1.00325	0.996676	1.01002	0.996256
3.085 1.00369	0.997156	1.01029	0.996978
3.095 1.0035	0.996894	1.01006	0.996952
3.105 1.00344	0.997473	1.00945	0.997359
3.115 1.00343	0.997821	1.00898	0.9979
3.125 1.0033	0.998255	1.0086	0.997697
3.135 1.00311	0.997999	1.00833	0.99773
3.145 1.0032	0.998158	1.00829	0.998045
3.155 1.00297	0.998283	1.00765	0.998255
3.165 1.00296	0.998904	1.00723	0.998444
3.175 1.00279	0.998798	1.00687	0.998596
3.185 1.00252	0.998497	1.00647	0.998619
3.195 1.00267	0.998956	1.00658	0.998556
3.205 1.00257	0.999247	1.00604	0.998947
3.215 1.00263	0.999302	1.00622	0.998778
3.225 1.00238	0.999527	1.00538	0.99922
3.235 1.00257	0.999673	1.00543	0.999731
3.245 1.00228	0.999347	1.00495	0.99986
3.255 1.00243	0.999937	1.00496	0.99984
3.265 1.0021	0.999865	1.00434	0.999828
3.275 1.00202	1.00015	1.00409	0.999723
3.285 1.00187	1.00007	1.00374	0.99993
3.295 1.00177	1.00016	1.00342	1.00006
3.305 1.00173	1.0002	1.00337	0.99997
3.315 1.00165	1.00028	1.00308	1.00015
3.325 1.00159	1.00055	1.00274	1.00032
3.335 1.00165	1.00071	1.00272	1.00043
3.345 1.00152	1.00064	1.00231	1.00081
3.355 1.00151	1.0008	1.00211	1.00103
3.365 1.00136	1.00061	1.00196	1.00089
3.375 1.001	1.00082	1.00137	1.00044
3.385 1.00143	1.00104	1.00172	1.00124
3.395 1.0011	1.00139	1.001	1.00101
3.405 1.00095	1.00065	1.00107	1.00103
3.415 1.00117	1.00131	1.00095	1.00146
3.425 1.00093	1.00139	1.00063	1.00108
3.435 1.00127	1.00164	1.00084	1.00176
3.445 1.00087	1.0013	1.0004	1.00136
3.455 1.0007	1.00118	0.999957	1.00173
3.465 1.00073	1.00157	0.999959	1.00143
3.475 1.00089	1.00176	0.999961	1.00188
3.485 1.00081	1.00188	0.999733	1.00191
3.495 1.00086	1.00216	0.999566	1.00216
3.505 1.0008	1.00204	0.999498	1.00217
3.515 1.00051	1.00178	0.99924	1.00177
3.525 1.00055	1.00214	0.99914	1.00178
3.535 1.00074	1.00267	0.999018	1.00225
3.545 1.00075	1.0022	0.999078	1.00264
3.555 1.00062	1.00236	0.998708	1.00272
3.565 1.00067	1.00257	0.998699	1.0027
3.575 1.00041	1.00225	0.998473	1.00247
3.585 1.00043	1.00251	0.99839	1.00245
3.595 1.0005	1.00246	0.998483	1.00259
3.605 1.00051	1.00267	0.998279	1.00283
3.615 1.00036	1.00234	0.998113	1.00287
3.625 1.00064	1.00292	0.998295	1.00307
3.635 1.00054	1.00294	0.998068	1.0031
3.645 1.0004	1.00285	0.998024	1.00271
3.655 1.00049	1.0032	0.997992	1.00279
3.665 1.00076	1.00353	0.998224	1.0031
3.675 1.00048	1.00301	0.997876	1.00316
3.685 1.00061	1.00283	0.998239	1.00313
3.695 1.00066	1.00341	0.997966	1.00329
3.705 1.00039	1.00328	0.997678	1.00295
3.715 1.00071	1.00346	0.998036	1.00331
3.725 1.00064	1.00336	0.99803	1.00317
3.735 1.00047	1.00303	0.997766	1.00335
3.745 1.00046	1.00321	0.997804	1.00305
3.755 1.00055	1.00359	0.997669	1.0033
3.765 1.00045	1.00292	0.997773	1.00333
3.775 1.0006	1.00313	0.997936	1.00342
3.785 1.0005	1.00296	0.997865	1.00331
3.795 1.0005	1.00347	0.997704	1.00315
3.805 1.0005	1.00334	0.997897	1.0029
3.815 1.00068	1.00349	0.997885	1.00346
3.825 1.00035	1.00309	0.997509	1.00329
3.835 1.00048	1.00325	0.997748	1.00319
3.845 1.00058	1.00338	0.997838	1.00326
3.855 1.00045	1.00332	0.997676	1.00316
3.865 1.00057	1.00291	0.997888	1.00362
3.875 1.00069	1.00369	0.997935	1.00321
3.885 1.00059	1.00338	0.997926	1.00316
3.895 1.00049	1.00321	0.997874	1.00302
3.905 1.00065	1.0034	0.998021	1.00318
3.915 1.00073	1.0032	0.998142	1.00345
3.925 1.00085	1.00298	0.99849	1.00345
3.935 1.00066	1.00298	0.998201	1.00328
3.945 1.00076	1.00342	0.998172	1.00328
3.955 1.00064	1.0031	0.998264	1.00296
3.965 1.00081	1.00337	0.998273	1.00332
3.975 1.00065	1.00323	0.998157	1.00308
3.985 1.00083	1.0028	0.998631	1.00328
3.995 1.00085	1.0032	0.998594	1.00304
4.005 1.00081	1.00308	0.998484	1.00322
4.015 1.00075	1.00293	0.998503	1.00306
4.025 1.00101	1.00315	0.998888	1.00314
4.035 1.00109	1.00318	0.998888	1.00341
4.045 1.00105	1.00348	0.998774	1.0032
4.055 1.00095	1.00269	0.999129	1.00285
4.065 1.00104	1.00338	0.999001	1.00279
4.075 1.00091	1.00282	0.999074	1.0027
4.085 1.00115	1.00291	0.999209	1.00329
4.095 1.00089	1.00288	0.999064	1.00255
4.105 1.00108	1.00288	0.999145	1.00317
4.115 1.00083	1.00291	0.99898	1.00248
4.125 1.00104	1.00292	0.999269	1.00272
4.135 1.00096	1.00255	0.999273	1.00275
4.145 1.00103	1.00267	0.999433	1.00258
4.155 1.00113	1.00292	0.999464	1.0027
4.165 1.00095	1.0025	0.999478	1.00236
4.175 1.00113	1.00273	0.999661	1.00247
4.185 1.00117	1.00266	0.999723	1.0026
4.195 1.00113	1.00258	0.999657	1.00263
4.205 1.00105	1.00246	0.999682	1.00237
4.215 1.00103	1.00213	0.999678	1.00263
4.225 1.00105	1.00251	0.999721	1.00224
4.235 1.0011	1.00236	0.999945	1.00217
4.245 1.00094	1.00213	0.999822	1.00199
4.255 1.00116	1.00222	1.00008	1.00227
4.265 1.00112	1.00224	0.999973	1.0023
4.275 1.00119	1.00224	1.00011	1.00229
4.285 1.00106	1.00203	0.999963	1.0023
4.295 1.00122	1.00221	1.00019	1.00231
4.305 1.0012	1.00216	1.00015	1.00234
4.315 1.00112	1.00208	1.0002	1.00201
4.325 1.00114	1.00198	1.00015	1.00228
4.335 1.00119	1.00218	1.00033	1.00192
4.345 1.00117	1.00198	1.00026	1.00221
4.355 1.00128	1.00244	1.00036	1.00194
4.365 1.0013	1.00206	1.00056	1.00202
4.375 1.0012	1.00198	1.00045	1.00191
4.385 1.00114	1.00189	1.00038	1.00192
4.395 1.00105	1.00184	1.0005	1.00135
4.405 1.00126	1.00198	1.00057	1.0019
4.415 1.00113	1.00165	1.00046	1.00195
4.425 1.00111	1.00175	1.00066	1.00136
4.435 1.00134	1.0022	1.00065	1.00185
4.445 1.00104	1.0016	1.0004	1.00176
4.455 1.00089	1.00157	1.00022	1.00153
4.465 1.00115	1.00178	1.0005	1.00182
4.475 1.00094	1.00138	1.00055	1.00128
4.485 1.00116	1.00144	1.00069	1.00184
4.495 1.00111	1.00145	1.00057	1.00187
4.505 1.00117	1.00154	1.0007	1.00174
4.515 1.00102	1.00144	1.00055	1.00154
4.525 1.00116	1.00171	1.00066	1.00162
4.535 1.00109	1.0017	1.00062	1.00145
4.545 1.00118	1.00206	1.00061	1.00145
4.555 1.00108	1.00166	1.00052	1.00164
4.565 1.00109	1.00143	1.00065	1.00164
4.575 1.00106	1.00178	1.00055	1.00138
4.585 1.00113	1.00165	1.00061	1.00166
4.595 1.00106	1.00155	1.00058	1.00154
4.605 1.00127	1.00182	1.00073	1.00178
4.615 1.00103	1.00155	1.00057	1.00145
4.625 1.00111	1.00182	1.00066	1.00131
4.635 1.00103	1.00155	1.00065	1.00128
4.645 1.00122	1.00172	1.00073	1.00171
4.655 1.001	1.00156	1.00039	1.00165
4.665 1.00108	1.00133	1.00066	1.00167
4.675 1.00109	1.00159	1.00069	1.0014
4.685 1.00098	1.00144	1.00044	1.0016
4.695 1.00114	1.00149	1.00078	1.0015
4.705 1.00107	1.0017	1.00068	1.0012
4.715 1.00116	1.00137	1.00077	1.00172
4.725 1.00109	1.00163	1.0006	1.00152
4.735 1.00096	1.00122	1.00056	1.00149
4.745 1.00094	1.00156	1.00041	1.00139
4.755 1.00102	1.00162	1.00042	1.00162
4.765 1.00095	1.00119	1.00055	1.00152
4.775 1.00105	1.0014	1.00061	1.00159
4.785 1.0011	1.00151	1.00061	1.00169
4.795 1.00106	1.0016	1.00065	1.00134
4.805 1.00089	1.00142	1.00042	1.0013
4.815 1.00101	1.00125	1.00061	1.00157
4.825 1.00091	1.00131	1.00036	1.00162
4.835 1.00109	1.00138	1.00062	1.00172
4.845 1.00095	1.00151	1.00047	1.00136
4.855 1.00091	1.00149	1.00035	1.00148
4.865 1.00092	1.00139	1.00046	1.00139
4.875 1.00092	1.00126	1.00061	1.00121
4.885 1.00103	1.00177	1.00052	1.00134
4.895 1.00097	1.00142	1.00047	1.00154
4.905 1.00122	1.00174	1.00058	1.002
4.915 1.00115	1.00162	1.00061	1.00178
4.925 1.00108	1.00131	1.00062	1.00179
4.935 1.00099	1.00187	1.00034	1.00141
4.945 1.00102	1.00145	1.00054	1.00154
4.955 1.00096	1.00151	1.00048	1.00137
4.965 1.00091	1.00139	1.00036	1.00152
4.975 1.00101	1.00175	1.00038	1.00152
4.985 1.00081	1.00139	1.00019	1.00148
4.995 1.00083	1.00135	1.00025	1.00147
5.005 1.00111	1.00161	1.00063	1.00157
5.015 1.00103	1.00178	1.00035	1.00165
5.025 1.00103	1.00137	1.0006	1.00155
5.035 1.00113	1.00161	1.00068	1.00154
5.045 1.00114	1.0014	1.00052	1.00214
5.055 1.001	1.00138	1.00043	1.00177
5.065 1.0011	1.00191	1.0005	1.00148
5.075 1.00087	1.00123	1.00028	1.00171
5.085 1.001	1.00171	1.00026	1.00175
5.095 1.00098	1.0017	1.0003	1.00162
5.105 1.00099	1.00159	1.00035	1.00167
5.115 1.00103	1.00178	1.00032	1.00172
5.125 1.00106	1.00188	1.00031	1.00176
5.135 1.00097	1.00161	1.00034	1.00162
5.145 1.00104	1.00189	1.00024	1.00178
5.155 1.00099	1.00185	1.00035	1.0014
5.165 1.00106	1.00165	1.00038	1.00183
5.175 1.00098	1.00166	1.00025	1.00175
5.185 1.001	1.00163	1.00017	1.00205
5.195 1.00099	1.00189	1.00022	1.00165
5.205 1.00097	1.00169	1.00023	1.00173
5.215 1.00097	1.00201	1.00022	1.00144
5.225 1.00102	1.00164	1.00026	1.00192
5.235 1.00084	1.00159	1.00011	1.00155
5.245 1.00094	1.00166	1.00019	1.00171
5.255 1.00095	1.00171	1.00008	1.00192
5.265 1.00093	1.00163	1.0002	1.00169
5.275 1.00091	1.00173	1.00002	1.00189
5.285 1.00112	1.00198	1.00029	1.00191
5.295 1.001	1.00204	1.00008	1.0018
5.305 1.00098	1.00164	1.00028	1.00175
5.315 1.00102	1.00187	1.0002	1.0018
5.325 1.00089	1.00164	1.00012	1.00169
5.335 1.00106	1.00197	1.00024	1.00178
5.345 1.00112	1.00193	1.00025	1.00207
5.355 1.00104	1.00211	1.00021	1.00162
5.365 1.00096	1.00184	1.00013	1.00174
5.375 1.00116	1.00205	1.00035	1.00189
5.385 1.00106	1.00197	1.00023	1.00183
5.395 1.00097	1.00186	1.00004	1.00195
5.405 1.00115	1.00202	1.00029	1.00203
5.415 1.00112	1.00204	1.00027	1.00189
5.425 1.00095	1.00169	1.00013	1.00187
5.435 1.00098	1.00182	1.00017	1.00177
5.445 1.00106	1.00206	1.00028	1.0016
5.455 1.00108	1.00213	1.00017	1.00185
5.465 1.00097	1.00188	1.00007	1.00188
5.475 1.00111	1.00205	1.00025	1.00188
5.485 1.00106	1.00204	1.0001	1.00202
5.495 1.00096	1.00172	1.00018	1.00177
5.505 1.00104	1.00213	1.00005	1.00196
5.515 1.00095	1.00182	1.00014	1.00173
5.525 1.00109	1.00195	1.00021	1.00198
5.535 1.0011	1.00186	1.00025	1.00202
5.545 1.00102	1.0019	1.00017	1.00185
5.555 1.001	1.0017	1.00022	1.00186
5.565 1.00099	1.00213	1.00003	1.00175
5.575 1.00104	1.0019	1.00016	1.00193
5.585 1.00094	1.00178	1.0001	1.00178
5.595 1.00107	1.00191	1.00019	1.00198
5.605 1.00106	1.00185	1.00017	1.00204
5.615 1.0011	1.00201	1.00025	1.0019
5.625 1.00117	1.0018	1.00025	1.00241
5.635 1.00105	1.002	1.00013	1.00194
5.645 1.00103	1.00177	1.00021	1.00192
5.655 1.00096	1.002	1.00009	1.00167
5.665 1.00103	1.00208	1.00001	1.00201
5.675 1.00098	1.00192	1.0001	1.00182
5.685 1.00107	1.00192	1.00016	1.00206
5.695 1.00104	1.00181	1.00026	1.00185
5.705 1.00092	1.00171	1.00009	1.00181
5.715 1.00114	1.00205	1.00034	1.00184
5.725 1.00104	1.00191	1.00015	1.00196
5.735 1.00096	1.00192	1.00011	1.00171
5.745 1.00102	1.00176	1.00012	1.00208
5.755 1.00106	1.00186	1.00025	1.0019
5.765 1.00107	1.00206	1.00017	1.00189
5.775 1.00091	1.0017	0.99999	1.00197
5.785 1.00102	1.00169	1.00025	1.0019
5.795 1.00096	1.00194	1.00012	1.00167
5.805 1.00108	1.0019	1.00015	1.00212
5.815 1.001	1.00206	1.00011	1.00174
5.825 1.00102	1.00182	1.00017	1.00193
5.835 1.00105	1.00214	1.00003	1.002
5.845 1.00094	1.00201	0.999987	1.00177
5.855 1.00114	1.00203	1.00027	1.002
5.865 1.00094	1.00177	1.00013	1.00171
5.875 1.00115	1.00196	1.00026	1.00212
5.885 1.00113	1.00203	1.00022	1.00207
5.895 1.00104	1.00181	1.00021	1.00193
5.905 1.00097	1.00177	1.00014	1.00185
5.915 1.00099	1.00203	1.00005	1.00184
5.925 1.00096	1.00185	1.0001	1.0018
5.935 1.00104	1.00182	1.00025	1.00185
5.945 1.00111	1.00209	1.00026	1.00183
5.955 1.00104	1.00196	1.00019	1.00181
5.965 1.00108	1.0018	1.00035	1.00182
5.975 1.00119	1.00209	1.00027	1.00214
5.985 1.00096	1.00175	1.00007	1.00196
5.995 1.00109	1.00198	1.00015	1.00208
6.005 1.00111	1.00182	1.0003	1.00202
6.015 1.00103	1.00189	1.00019	1.00186
6.025 1.001	1.00185	1.00017	1.00183
6.035 1.00096	1.00194	1.00003	1.00185
6.045 1.00093	1.0019	1.00003	1.00176
6.055 1.00107	1.00191	1.00027	1.00182
6.065 1.00106	1.00187	1.00019	1.00199
6.075 1.00118	1.00194	1.00035	1.0021
6.085 1.00104	1.0018	1.00023	1.00191
6.095 1.00094	1.0018	1.00021	1.00152
6.105 1.00109	1.00194	1.00022	1.00196
6.115 1.00105	1.00187	1.00029	1.00178
6.125 1.00092	1.00171	1.00002	1.00194
6.135 1.00102	1.00185	1.00034	1.00154
6.145 1.00093	1.00146	1.00009	1.0021
6.155 1.00096	1.00168	1.00012	1.00193
6.165 1.001	1.0016	1.00022	1.00197
6.175 1.00108	1.00184	1.00029	1.0019
6.185 1.00108	1.00181	1.0002	1.00213
6.195 1.00108	1.00179	1.00029	1.00193
6.205 1.00103	1.00174	1.00017	1.00202
6.215 1.00103	1.00187	1.00023	1.00177
6.225 1.00101	1.00206	1.00009	1.00178
6.235 1.00094	1.00184	1.00011	1.00171
6.245 1.00105	1.0017	1.0004	1.0017
6.255 1.00111	1.00186	1.00031	1.00195
6.265 1.00101	1.00179	1.00028	1.00171
6.275 1.00088	1.00194	1.00002	1.00155
6.285 1.001	1.00173	1.00034	1.00158
6.295 1.00104	1.00177	1.00014	1.00209
6.305 1.00095	1.00177	1.00011	1.00181
6.315 1.00104	1.00195	1.00017	1.00187
6.325 1.00103	1.0021	1.00018	1.00168
6.335 1.00102	1.002	1.00021	1.00165
6.345 1.00109	1.00192	1.0003	1.00185
6.355 1.00104	1.00183	1.0002	1.00192
6.365 1.00095	1.00191	1.00019	1.00152
6.375 1.00105	1.00195	1.00017	1.0019
6.385 1.00093	1.00162	1.00006	1.00197
6.395 1.00105	1.00183	1.00027	1.00185
6.405 1.00115	1.0019	1.00043	1.00183
6.415 1.00101	1.00173	1.00029	1.00175
6.425 1.00095	1.00186	1.00003	1.0019
6.435 1.00097	1.0017	1.00021	1.00177
6.445 1.00103	1.00201	1.00025	1.00162
6.455 1.00095	1.00169	1.00013	1.00185
6.465 1.00101	1.00187	1.00018	1.00182
6.475 1.00104	1.00189	1.00033	1.0016
6.485 1.00102	1.00181	1.0002	1.00188
6.495 1.00103	1.0018	1.00032	1.00169
6.505 1.00093	1.00177	1.00005	1.00186
6.515 1.00107	1.00196	1.00022	1.00191
6.525 1.001	1.00175	1.00024	1.00176
6.535 1.00093	1.00145	1.00022	1.00182
6.545 1.00097	1.00164	1.00019	1.00185
6.555 1.00102	1.00192	1.00024	1.0017
6.565 1.00104	1.00181	1.00023	1.00186
6.575 1.00101	1.00171	1.00021	1.00193
6.585 1.00106	1.00163	1.00037	1.00188
6.595 1.0009	1.00169	1.00008	1.00174
6.605 1.00104	1.00192	1.00023	1.0018
6.615 1.00098	1.00177	1.00014	1.00187
6.625 1.00098	1.00169	1.00015	1.00191
6.635 1.00107	1.00198	1.00019	1.00192
6.645 1.00084	1.00157	1.0001	1.00159
6.655 1.00095	1.0017	1.00022	1.00165
6.665 1.00107	1.00171	1.00036	1.00184
6.675 1.00107	1.00186	1.0002	1.002
6.685 1.00098	1.00174	1.00018	1.00183
6.695 1.00102	1.00176	1.00016	1.00201
6.705 1.00079	1.00146	1.00003	1.00165
6.715 1.00101	1.00172	1.00029	1.00173
6.725 1.00098	1.00186	1.00018	1.0017
6.735 1.00101	1.00179	1.00024	1.00179
6.745 1.00106	1.00179	1.00031	1.00185
6.755 1.00105	1.00186	1.00026	1.00182
6.765 1.00105	1.00202	1.00027	1.00165
6.775 1.00111	1.00173	1.00037	1.00197
6.785 1.00101	1.00195	1.00022	1.00166
6.795 1.00102	1.00179	1.00029	1.00174
6.805 1.00098	1.00186	1.00018	1.00169
6.815 1.00092	1.0018	1.00011	1.00166
6.825 1.00099	1.00197	1.00011	1.00177
6.835 1.00105	1.0019	1.00018	1.00192
6.845 1.00109	1.00179	1.00026	1.00205
6.855 1.00102	1.00201	1.00018	1.00171
6.865 1.00095	1.00179	1.00013	1.00174
6.875 1.00104	1.00201	1.00023	1.00171
6.885 1.00107	1.00183	1.0003	1.00186
6.895 1.00102	1.00177	1.00032	1.00167
6.905 1.00103	1.00176	1.00026	1.00186
6.915 1.00101	1.00173	1.00018	1.00196
6.925 1.00102	1.00193	1.00027	1.00163
