# density = 0.8, beta = 1
# Hard core distances: {{1,1},{1,1}}
# Well range distances: {{1.05,1.05},{1.05,1.05}}
# Depth of well: {{0,-1},{-1,0}}
# Sample information: init cycles = 1000000, sample cycles = 1000000

 x g(x) g11(x) g12(x) g22(x)
0.005 0	0	0	0
0.015 0	0	0	0
0.025 0	0	0	0
0.035 0	0	0	0
0.045 0	0	0	0
0.055 0	0	0	0
0.065 0	0	0	0
0.075 0	0	0	0
0.085 0	0	0	0
0.095 0	0	0	0
0.105 0	0	0	0
0.115 0	0	0	0
0.125 0	0	0	0
0.135 0	0	0	0
0.145 0	0	0	0
0.155 0	0	0	0
0.165 0	0	0	0
0.175 0	0	0	0
0.185 0	0	0	0
0.195 0	0	0	0
0.205 0	0	0	0
0.215 0	0	0	0
0.225 0	0	0	0
0.235 0	0	0	0
0.245 0	0	0	0
0.255 0	0	0	0
0.265 0	0	0	0
0.275 0	0	0	0
0.285 0	0	0	0
0.295 0	0	0	0
0.305 0	0	0	0
0.315 0	0	0	0
0.325 0	0	0	0
0.335 0	0	0	0
0.345 0	0	0	0
0.355 0	0	0	0
0.365 0	0	0	0
0.375 0	0	0	0
0.385 0	0	0	0
0.395 0	0	0	0
0.405 0	0	0	0
0.415 0	0	0	0
0.425 0	0	0	0
0.435 0	0	0	0
0.445 0	0	0	0
0.455 0	0	0	0
0.465 0	0	0	0
0.475 0	0	0	0
0.485 0	0	0	0
0.495 0	0	0	0
0.505 0	0	0	0
0.515 0	0	0	0
0.525 0	0	0	0
0.535 0	0	0	0
0.545 0	0	0	0
0.555 0	0	0	0
0.565 0	0	0	0
0.575 0	0	0	0
0.585 0	0	0	0
0.595 0	0	0	0
0.605 0	0	0	0
0.615 0	0	0	0
0.625 0	0	0	0
0.635 0	0	0	0
0.645 0	0	0	0
0.655 0	0	0	0
0.665 0	0	0	0
0.675 0	0	0	0
0.685 0	0	0	0
0.695 0	0	0	0
0.705 0	0	0	0
0.715 0	0	0	0
0.725 0	0	0	0
0.735 0	0	0	0
0.745 0	0	0	0
0.755 0	0	0	0
0.765 0	0	0	0
0.775 0	0	0	0
0.785 0	0	0	0
0.795 0	0	0	0
0.805 0	0	0	0
0.815 0	0	0	0
0.825 0	0	0	0
0.835 0	0	0	0
0.845 0	0	0	0
0.855 0	0	0	0
0.865 0	0	0	0
0.875 0	0	0	0
0.885 0	0	0	0
0.895 0	0	0	0
0.905 0	0	0	0
0.915 0	0	0	0
0.925 0	0	0	0
0.935 0	0	0	0
0.945 0	0	0	0
0.955 0	0	0	0
0.965 0	0	0	0
0.975 0	0	0	0
0.985 0	0	0	0
0.995 0	0	0	0
1.005 3.18259	4.70283	1.66454	4.70606
1.015 2.9848	4.41274	1.56048	4.41265
1.025 2.80252	4.14315	1.46504	4.14354
1.035 2.63298	3.89189	1.3762	3.89392
1.045 2.4766	3.66147	1.2947	3.66145
1.055 3.37946	3.44719	3.3116	3.44782
1.065 3.18592	3.24925	3.12249	3.24976
1.075 3.00542	3.06551	2.94484	3.06681
1.085 2.8386	2.89539	2.78189	2.89553
1.095 2.68288	2.73669	2.6283	2.73852
1.105 2.53905	2.59154	2.48726	2.59041
1.115 2.4048	2.45483	2.35515	2.45431
1.125 2.28081	2.32696	2.2341	2.32834
1.135 2.16496	2.21003	2.12081	2.20841
1.145 2.05683	2.09951	2.01452	2.09899
1.155 1.95696	1.99707	1.91685	1.99728
1.165 1.86346	1.90308	1.82466	1.90165
1.175 1.77718	1.8138	1.74061	1.8139
1.185 1.69553	1.73164	1.66044	1.7298
1.195 1.62034	1.6545	1.58661	1.65381
1.205 1.54982	1.58296	1.51753	1.58142
1.215 1.48422	1.51568	1.45313	1.51511
1.225 1.42291	1.45324	1.39313	1.4523
1.235 1.36586	1.3952	1.33705	1.39428
1.245 1.31183	1.33985	1.28422	1.33918
1.255 1.26225	1.28928	1.23563	1.28858
1.265 1.21542	1.24143	1.18948	1.24141
1.275 1.17211	1.19692	1.14732	1.19701
1.285 1.13077	1.15514	1.10645	1.15515
1.295 1.09304	1.11673	1.06949	1.11657
1.305 1.05762	1.08065	1.03455	1.08085
1.315 1.02466	1.04705	1.00253	1.04664
1.325 0.993671	1.01531	0.972093	1.0153
1.335 0.964985	0.985958	0.944169	0.985746
1.345 0.938174	0.959086	0.917755	0.958204
1.355 0.912715	0.932475	0.892924	0.932636
1.365 0.88936	0.909058	0.869815	0.908853
1.375 0.868161	0.887555	0.848906	0.887372
1.385 0.847821	0.866608	0.829207	0.866353
1.395 0.829141	0.847284	0.81071	0.847951
1.405 0.812066	0.830685	0.793666	0.830337
1.415 0.796143	0.813667	0.778217	0.814563
1.425 0.781306	0.799213	0.763701	0.798697
1.435 0.767913	0.785275	0.750813	0.784837
1.445 0.755372	0.772114	0.738333	0.772793
1.455 0.74441	0.761428	0.727606	0.761084
1.465 0.734267	0.750902	0.717574	0.751102
1.475 0.72542	0.741936	0.709095	0.741638
1.485 0.71707	0.733425	0.700681	0.733576
1.495 0.709732	0.725847	0.693567	0.726029
1.505 0.703527	0.719472	0.687477	0.719764
1.515 0.698073	0.714208	0.68191	0.714346
1.525 0.693761	0.709623	0.677753	0.709995
1.535 0.690333	0.706123	0.674502	0.706284
1.545 0.68714	0.702827	0.671329	0.703155
1.555 0.685621	0.701187	0.669751	0.701873
1.565 0.684416	0.700239	0.668752	0.700001
1.575 0.683816	0.699632	0.667936	0.699839
1.585 0.684645	0.700561	0.668506	0.701088
1.595 0.685822	0.701534	0.669831	0.70217
1.605 0.688036	0.703956	0.672114	0.704038
1.615 0.690668	0.706887	0.674408	0.707049
1.625 0.694279	0.71048	0.678004	0.710709
1.635 0.698632	0.715474	0.68203	0.715077
1.645 0.704026	0.720573	0.687465	0.720685
1.655 0.71015	0.726857	0.693381	0.727065
1.665 0.716521	0.733352	0.69954	0.733736
1.675 0.724194	0.741153	0.707041	0.741627
1.685 0.732627	0.749633	0.715439	0.750082
1.695 0.741804	0.758778	0.724648	0.759227
1.705 0.751732	0.768751	0.734399	0.769466
1.715 0.762473	0.779768	0.744804	0.780605
1.725 0.773788	0.791504	0.755771	0.792198
1.735 0.785855	0.803463	0.767777	0.804494
1.745 0.798827	0.817108	0.780669	0.816953
1.755 0.81224	0.830986	0.793574	0.830918
1.765 0.826117	0.844766	0.807444	0.844909
1.775 0.841159	0.859968	0.822482	0.859797
1.785 0.856566	0.875346	0.83771	0.875593
1.795 0.871942	0.890339	0.853301	0.890922
1.805 0.887907	0.906668	0.869117	0.906819
1.815 0.903701	0.922397	0.885071	0.922357
1.825 0.920082	0.93887	0.90131	0.938934
1.835 0.936214	0.954635	0.917771	0.95477
1.845 0.952768	0.971459	0.934472	0.970761
1.855 0.968715	0.987135	0.950369	0.98708
1.865 0.984929	1.00325	0.966933	1.00269
1.875 1.00066	1.01838	0.98291	1.01854
1.885 1.01637	1.03436	0.998855	1.03352
1.895 1.03184	1.05003	1.01416	1.0491
1.905 1.04711	1.06508	1.02963	1.06418
1.915 1.06175	1.07937	1.04453	1.07864
1.925 1.07657	1.09386	1.05949	1.09351
1.935 1.09124	1.10846	1.07446	1.10765
1.945 1.10553	1.12233	1.08869	1.12252
1.955 1.1196	1.13638	1.10273	1.13664
1.965 1.13378	1.15038	1.11727	1.15029
1.975 1.1475	1.16419	1.13087	1.16417
1.985 1.16203	1.17823	1.14548	1.17901
1.995 1.17619	1.19251	1.15974	1.19287
2.005 1.19021	1.20657	1.17377	1.20679
2.015 1.20213	1.21833	1.18575	1.21878
2.025 1.21217	1.22754	1.19713	1.22695
2.035 1.2205	1.23403	1.2068	1.23444
2.045 1.2276	1.23935	1.21585	1.23942
2.055 1.23303	1.24261	1.22354	1.2425
2.065 1.2361	1.24397	1.22811	1.24424
2.075 1.23676	1.24316	1.23041	1.24309
2.085 1.23525	1.24094	1.2297	1.2407
2.095 1.23187	1.23659	1.22702	1.23686
2.105 1.22735	1.23182	1.22272	1.23216
2.115 1.22113	1.22538	1.21661	1.22592
2.125 1.21369	1.21807	1.2094	1.21791
2.135 1.2049	1.20906	1.20069	1.20919
2.145 1.19519	1.19882	1.19121	1.19955
2.155 1.18514	1.18867	1.1814	1.18911
2.165 1.1743	1.17829	1.1706	1.17774
2.175 1.16304	1.16614	1.15962	1.16681
2.185 1.15094	1.15401	1.14761	1.15455
2.195 1.13905	1.14234	1.13589	1.14212
2.205 1.12715	1.13046	1.12388	1.13041
2.215 1.11506	1.11796	1.11213	1.11803
2.225 1.10313	1.10624	1.10004	1.10621
2.235 1.09083	1.09381	1.08804	1.09345
2.245 1.07908	1.08181	1.07645	1.08162
2.255 1.06735	1.07006	1.06458	1.07019
2.265 1.05591	1.05848	1.05333	1.05849
2.275 1.04481	1.04751	1.04222	1.04728
2.285 1.03377	1.03641	1.0313	1.03607
2.295 1.02342	1.02598	1.02102	1.02567
2.305 1.01287	1.01525	1.01059	1.01507
2.315 1.00276	1.00536	1.00038	1.00494
2.325 0.993684	0.996307	0.991288	0.995864
2.335 0.984597	0.987067	0.98216	0.987012
2.345 0.976019	0.978125	0.973952	0.97806
2.355 0.967546	0.96992	0.965254	0.969769
2.365 0.959689	0.961378	0.957703	0.961983
2.375 0.952504	0.954572	0.950491	0.954474
2.385 0.945434	0.947492	0.943475	0.947302
2.395 0.938951	0.940799	0.936972	0.941071
2.405 0.932947	0.934714	0.931127	0.934828
2.415 0.927262	0.929339	0.925362	0.928992
2.425 0.92206	0.923934	0.920321	0.92367
2.435 0.917525	0.919017	0.915853	0.919385
2.445 0.913435	0.914861	0.911738	0.915413
2.455 0.909718	0.911241	0.908136	0.911369
2.465 0.906265	0.908074	0.904552	0.90789
2.475 0.903314	0.90509	0.901568	0.905037
2.485 0.900936	0.902347	0.89946	0.902484
2.495 0.899	0.900752	0.897449	0.900359
2.505 0.897467	0.899074	0.896109	0.898581
2.515 0.896363	0.897868	0.894905	0.897781
2.525 0.895767	0.897137	0.894372	0.897196
2.535 0.895451	0.896716	0.894113	0.89687
2.545 0.895554	0.89698	0.894087	0.897072
2.555 0.896049	0.897373	0.894636	0.897557
2.565 0.896807	0.898337	0.895269	0.89836
2.575 0.898113	0.899637	0.896602	0.899621
2.585 0.900089	0.901343	0.898724	0.90157
2.595 0.90202	0.90338	0.9007	0.903308
2.605 0.904426	0.905622	0.903146	0.905795
2.615 0.907084	0.908135	0.906018	0.908168
2.625 0.910155	0.911558	0.908774	0.911519
2.635 0.913508	0.914722	0.912487	0.914341
2.645 0.917353	0.918265	0.916444	0.918263
2.655 0.920977	0.921802	0.920008	0.922093
2.665 0.925351	0.926332	0.924452	0.926172
2.675 0.9297	0.930817	0.928726	0.930536
2.685 0.934459	0.935496	0.933555	0.935236
2.695 0.939104	0.940115	0.938138	0.940031
2.705 0.944211	0.944853	0.943385	0.945225
2.715 0.949136	0.949804	0.948296	0.950153
2.725 0.954262	0.954769	0.953548	0.955189
2.735 0.95992	0.960509	0.959321	0.960533
2.745 0.965369	0.966085	0.964656	0.966084
2.755 0.971097	0.971567	0.970469	0.971887
2.765 0.976549	0.976858	0.975947	0.977448
2.775 0.982048	0.982415	0.981551	0.982677
2.785 0.987441	0.987907	0.987024	0.987812
2.795 0.99294	0.993104	0.992562	0.993534
2.805 0.998431	0.998826	0.998032	0.998836
2.815 1.00354	1.0039	1.00325	1.00375
2.825 1.00878	1.00914	1.00857	1.00885
2.835 1.01372	1.01355	1.01373	1.01387
2.845 1.01867	1.01844	1.01878	1.01868
2.855 1.02333	1.02349	1.02321	1.02339
2.865 1.02766	1.02768	1.02775	1.02749
2.875 1.03213	1.03198	1.03228	1.03199
2.885 1.03615	1.03602	1.03628	1.03601
2.895 1.03989	1.03949	1.04014	1.0398
2.905 1.04357	1.04313	1.04397	1.04322
2.915 1.04663	1.04624	1.04695	1.04637
2.925 1.05002	1.0496	1.05044	1.04958
2.935 1.05237	1.05197	1.05296	1.05157
2.945 1.05489	1.05429	1.05538	1.05451
2.955 1.05697	1.05649	1.05748	1.05644
2.965 1.05902	1.05843	1.05964	1.05839
2.975 1.06061	1.05993	1.06131	1.0599
2.985 1.06186	1.06135	1.06252	1.06105
2.995 1.0629	1.06242	1.06345	1.0623
3.005 1.06354	1.06284	1.06426	1.06279
3.015 1.0642	1.0636	1.06503	1.06315
3.025 1.06442	1.06358	1.06532	1.06347
3.035 1.06414	1.06332	1.06515	1.06295
3.045 1.06345	1.06258	1.06437	1.06246
3.055 1.06304	1.06198	1.06402	1.06215
3.065 1.0621	1.061	1.06313	1.06115
3.075 1.06089	1.05962	1.06201	1.05992
3.085 1.05939	1.05834	1.06047	1.05829
3.095 1.0576	1.05657	1.05874	1.05636
3.105 1.05558	1.05464	1.05665	1.0544
3.115 1.05335	1.05232	1.05448	1.05209
3.125 1.0509	1.04991	1.05199	1.04971
3.135 1.04833	1.04724	1.04952	1.04704
3.145 1.04572	1.04449	1.04681	1.04478
3.155 1.04275	1.04159	1.04385	1.04172
3.165 1.03973	1.03881	1.04083	1.03847
3.175 1.03692	1.03601	1.03804	1.03559
3.185 1.03351	1.03236	1.0347	1.03226
3.195 1.03027	1.02916	1.03142	1.02911
3.205 1.02691	1.02564	1.02814	1.02573
3.215 1.02378	1.02252	1.02499	1.02261
3.225 1.0203	1.01928	1.02148	1.01896
3.235 1.01691	1.01557	1.01826	1.01556
3.245 1.01362	1.0122	1.01497	1.01236
3.255 1.01037	1.0091	1.01155	1.00926
3.265 1.00716	1.00597	1.00832	1.00603
3.275 1.00399	1.00272	1.00526	1.00272
3.285 1.00079	0.999379	1.0021	0.99955
3.295 0.997868	0.996424	0.999248	0.996548
3.305 0.994896	0.99343	0.996155	0.993839
3.315 0.991973	0.990676	0.993261	0.990688
3.325 0.989361	0.988155	0.990805	0.987672
3.335 0.986762	0.985461	0.988147	0.985285
3.345 0.984181	0.982989	0.985373	0.982984
3.355 0.981768	0.980631	0.982981	0.980472
3.365 0.979557	0.97818	0.980886	0.978268
3.375 0.977659	0.976258	0.979059	0.976251
3.385 0.975522	0.974072	0.976817	0.974377
3.395 0.973942	0.972807	0.975222	0.972508
3.405 0.972294	0.971094	0.973596	0.970885
3.415 0.970853	0.96934	0.972234	0.969598
3.425 0.969617	0.968258	0.971082	0.968039
3.435 0.96843	0.967083	0.969815	0.966999
3.445 0.967509	0.966112	0.968983	0.965951
3.455 0.966652	0.965445	0.968093	0.96497
3.465 0.966141	0.964811	0.967507	0.964734
3.475 0.965615	0.964073	0.967099	0.96418
3.485 0.965359	0.963912	0.966886	0.963742
3.495 0.965091	0.963578	0.96652	0.963738
3.505 0.965171	0.963531	0.966657	0.963832
3.515 0.965294	0.964079	0.966723	0.963645
3.525 0.965774	0.96426	0.967244	0.96434
3.535 0.966062	0.964596	0.967487	0.964672
3.545 0.966766	0.965222	0.96832	0.965192
3.555 0.967377	0.966012	0.968853	0.965783
3.565 0.968307	0.966885	0.969763	0.966811
3.575 0.969241	0.967631	0.970759	0.967808
3.585 0.970382	0.968779	0.971866	0.969007
3.595 0.971628	0.969995	0.97326	0.969988
3.605 0.972868	0.971253	0.97433	0.971551
3.615 0.974367	0.97259	0.975913	0.973043
3.625 0.975877	0.974446	0.97739	0.974275
3.635 0.977231	0.975521	0.978758	0.975881
3.645 0.978967	0.977443	0.980554	0.977311
3.655 0.980783	0.979286	0.982308	0.979223
3.665 0.982455	0.980967	0.984048	0.980748
3.675 0.984448	0.98282	0.985932	0.983102
3.685 0.986157	0.984457	0.987778	0.984606
3.695 0.988055	0.986437	0.989653	0.986471
3.705 0.990049	0.988338	0.991588	0.988672
3.715 0.992011	0.990404	0.993521	0.990593
3.725 0.993686	0.991813	0.995307	0.992308
3.735 0.995739	0.994039	0.997442	0.994026
3.745 0.997494	0.995885	0.999142	0.995799
3.755 0.999355	0.997565	1.00099	0.997868
3.765 1.00129	0.99939	1.0031	0.999574
3.775 1.00314	1.00152	1.00477	1.0015
3.785 1.00497	1.00333	1.00658	1.00338
3.795 1.00673	1.00518	1.00841	1.00492
3.805 1.00823	1.00628	1.00999	1.00664
3.815 1.00993	1.0084	1.01151	1.00829
3.825 1.01141	1.00976	1.01308	1.00972
3.835 1.0129	1.01103	1.01465	1.01127
3.845 1.01421	1.01249	1.01589	1.01255
3.855 1.01542	1.01371	1.01713	1.01372
3.865 1.01655	1.01486	1.01829	1.01474
3.875 1.01769	1.01597	1.01942	1.01594
3.885 1.0186	1.017	1.02036	1.01666
3.895 1.01957	1.01788	1.02134	1.01773
3.905 1.02021	1.01865	1.02189	1.01842
3.915 1.021	1.01952	1.02271	1.01907
3.925 1.02149	1.01983	1.02335	1.01942
3.935 1.02203	1.02017	1.02382	1.02029
3.945 1.02241	1.0208	1.02409	1.02066
3.955 1.02253	1.02082	1.02433	1.02064
3.965 1.02275	1.02098	1.02455	1.02091
3.975 1.02273	1.02097	1.02452	1.02088
3.985 1.02273	1.02099	1.0245	1.02092
3.995 1.02251	1.02074	1.02431	1.02069
4.005 1.0223	1.02044	1.02407	1.0206
4.015 1.02205	1.02016	1.02386	1.02033
4.025 1.02163	1.01973	1.02348	1.01983
4.035 1.02116	1.01931	1.023	1.01933
4.045 1.02056	1.01871	1.02244	1.01864
4.055 1.02001	1.01817	1.02195	1.01797
4.065 1.0193	1.01754	1.02119	1.01729
4.075 1.01866	1.01691	1.02042	1.01687
4.085 1.01778	1.01599	1.01964	1.01584
4.095 1.01688	1.01493	1.01881	1.01495
4.105 1.01593	1.01419	1.01777	1.01397
4.115 1.01503	1.01319	1.01687	1.01317
4.125 1.01399	1.01227	1.01573	1.01221
4.135 1.01291	1.0112	1.01462	1.01118
4.145 1.012	1.01025	1.01378	1.01016
4.155 1.01078	1.009	1.01254	1.00902
4.165 1.00972	1.00782	1.01168	1.00769
4.175 1.00867	1.0068	1.01056	1.00676
4.185 1.00753	1.00574	1.00934	1.00569
4.195 1.00633	1.00442	1.00814	1.00459
4.205 1.00537	1.00345	1.00716	1.00371
4.215 1.00411	1.00237	1.00595	1.00214
4.225 1.00303	1.00107	1.0049	1.00121
4.235 1.00196	1.00019	1.0038	1.00005
4.245 1.00094	0.999105	1.00275	0.999134
4.255 0.999713	0.997876	1.00161	0.997741
4.265 0.998804	0.996917	1.00064	0.996999
4.275 0.997936	0.996214	0.999703	0.996114
4.285 0.996967	0.995032	0.99869	0.995446
4.295 0.996145	0.99418	0.997951	0.994488
4.305 0.995084	0.993297	0.99688	0.993271
4.315 0.994388	0.992455	0.996202	0.992683
4.325 0.993554	0.991714	0.995354	0.991784
4.335 0.992897	0.990872	0.994816	0.991075
4.345 0.992161	0.990381	0.993998	0.990258
4.355 0.991676	0.989714	0.993579	0.989823
4.365 0.991109	0.989316	0.992925	0.989262
4.375 0.990524	0.988578	0.992324	0.988861
4.385 0.989987	0.988079	0.991775	0.988312
4.395 0.98968	0.987684	0.991504	0.988018
4.405 0.989227	0.987308	0.991098	0.987392
4.415 0.988955	0.987083	0.990877	0.986976
4.425 0.988731	0.986859	0.990711	0.986635
4.435 0.988594	0.98668	0.990465	0.986757
4.445 0.988448	0.986598	0.990291	0.986603
4.455 0.988407	0.986596	0.990201	0.98662
4.465 0.988462	0.986529	0.990277	0.986757
4.475 0.988515	0.986587	0.99037	0.986723
4.485 0.988652	0.986874	0.990507	0.986711
4.495 0.988811	0.987032	0.99065	0.986904
4.505 0.988958	0.987092	0.990857	0.987016
4.515 0.989202	0.987384	0.991012	0.98739
4.525 0.989533	0.987821	0.991342	0.987618
4.535 0.989879	0.98795	0.99174	0.988074
4.545 0.990298	0.988493	0.992104	0.98848
4.555 0.990788	0.989081	0.992589	0.988885
4.565 0.99115	0.989266	0.992969	0.989389
4.575 0.991699	0.989871	0.993555	0.989806
4.585 0.992295	0.990268	0.994198	0.990506
4.595 0.992833	0.990933	0.994684	0.991022
4.605 0.993424	0.991371	0.995337	0.991643
4.615 0.99403	0.992205	0.995853	0.9922
4.625 0.994643	0.992685	0.996495	0.992887
4.635 0.995276	0.993559	0.997174	0.993189
4.645 0.995976	0.994094	0.997822	0.994158
4.655 0.996586	0.994683	0.998442	0.994768
4.665 0.997319	0.995376	0.999294	0.995301
4.675 0.997962	0.996071	0.999826	0.996115
4.685 0.99866	0.996827	1.00056	0.996672
4.695 0.99939	0.997418	1.00126	0.99761
4.705 1.00016	0.998303	1.00204	0.998237
4.715 1.00078	0.998994	1.00269	0.998719
4.725 1.00128	0.999525	1.0031	0.999409
4.735 1.00194	1.00008	1.00377	1.00012
4.745 1.00258	1.00062	1.00451	1.00066
4.755 1.00322	1.00127	1.00511	1.00139
4.765 1.00379	1.00214	1.0056	1.00183
4.775 1.00437	1.0025	1.00631	1.00235
4.785 1.00486	1.00311	1.00671	1.00289
4.795 1.00533	1.00341	1.00725	1.00339
4.805 1.00591	1.00411	1.00778	1.00398
4.815 1.00627	1.00441	1.00818	1.0043
4.825 1.00667	1.00485	1.00861	1.00461
4.835 1.00712	1.00519	1.00902	1.00524
4.845 1.00748	1.0056	1.00944	1.00541
4.855 1.00783	1.00595	1.00973	1.0059
4.865 1.00811	1.00614	1.01007	1.00615
4.875 1.00828	1.00656	1.01016	1.00625
4.885 1.00851	1.00666	1.01044	1.00651
4.895 1.00869	1.00675	1.01058	1.00682
4.905 1.00893	1.00713	1.01081	1.00697
4.915 1.00886	1.00686	1.01081	1.00695
4.925 1.00891	1.00714	1.01077	1.00693
4.935 1.009	1.00707	1.01088	1.00715
4.945 1.00909	1.00729	1.01091	1.00725
4.955 1.00893	1.00705	1.01079	1.00708
4.965 1.00891	1.00691	1.01088	1.00695
4.975 1.00876	1.00672	1.01073	1.00684
4.985 1.0086	1.00678	1.01046	1.00667
