# density = 0.8, beta = 1
# Hard core distances: {{1,1},{1,1}}
# Well range distances: {{1.1,1.1},{1.1,1.1}}
# Depth of well: {{-1,0},{0,-1}}
# Sample information: init cycles = 1000000, sample cycles = 1000000

 x g(x) g11(x) g12(x) g22(x)
0.005 0	0	0	0
0.015 0	0	0	0
0.025 0	0	0	0
0.035 0	0	0	0
0.045 0	0	0	0
0.055 0	0	0	0
0.065 0	0	0	0
0.075 0	0	0	0
0.085 0	0	0	0
0.095 0	0	0	0
0.105 0	0	0	0
0.115 0	0	0	0
0.125 0	0	0	0
0.135 0	0	0	0
0.145 0	0	0	0
0.155 0	0	0	0
0.165 0	0	0	0
0.175 0	0	0	0
0.185 0	0	0	0
0.195 0	0	0	0
0.205 0	0	0	0
0.215 0	0	0	0
0.225 0	0	0	0
0.235 0	0	0	0
0.245 0	0	0	0
0.255 0	0	0	0
0.265 0	0	0	0
0.275 0	0	0	0
0.285 0	0	0	0
0.295 0	0	0	0
0.305 0	0	0	0
0.315 0	0	0	0
0.325 0	0	0	0
0.335 0	0	0	0
0.345 0	0	0	0
0.355 0	0	0	0
0.365 0	0	0	0
0.375 0	0	0	0
0.385 0	0	0	0
0.395 0	0	0	0
0.405 0	0	0	0
0.415 0	0	0	0
0.425 0	0	0	0
0.435 0	0	0	0
0.445 0	0	0	0
0.455 0	0	0	0
0.465 0	0	0	0
0.475 0	0	0	0
0.485 0	0	0	0
0.495 0	0	0	0
0.505 0	0	0	0
0.515 0	0	0	0
0.525 0	0	0	0
0.535 0	0	0	0
0.545 0	0	0	0
0.555 0	0	0	0
0.565 0	0	0	0
0.575 0	0	0	0
0.585 0	0	0	0
0.595 0	0	0	0
0.605 0	0	0	0
0.615 0	0	0	0
0.625 0	0	0	0
0.635 0	0	0	0
0.645 0	0	0	0
0.655 0	0	0	0
0.665 0	0	0	0
0.675 0	0	0	0
0.685 0	0	0	0
0.695 0	0	0	0
0.705 0	0	0	0
0.715 0	0	0	0
0.725 0	0	0	0
0.735 0	0	0	0
0.745 0	0	0	0
0.755 0	0	0	0
0.765 0	0	0	0
0.775 0	0	0	0
0.785 0	0	0	0
0.795 0	0	0	0
0.805 0	0	0	0
0.815 0	0	0	0
0.825 0	0	0	0
0.835 0	0	0	0
0.845 0	0	0	0
0.855 0	0	0	0
0.865 0	0	0	0
0.875 0	0	0	0
0.885 0	0	0	0
0.895 0	0	0	0
0.905 0	0	0	0
0.915 0	0	0	0
0.925 0	0	0	0
0.935 0	0	0	0
0.945 0	0	0	0
0.955 0	0	0	0
0.965 0	0	0	0
0.975 0	0	0	0
0.985 0	0	0	0
0.995 0	0	0	0
1.005 3.56173	2.04185	5.07689	2.04366
1.015 3.32486	1.90649	4.73937	1.90714
1.025 3.10682	1.78111	4.42878	1.782
1.035 2.90529	1.66695	4.14169	1.66462
1.045 2.72006	1.5599	3.87723	1.56007
1.055 2.5486	1.46124	3.63296	1.46178
1.065 2.39191	1.37093	3.41028	1.37105
1.075 2.24575	1.28807	3.2015	1.28711
1.085 2.11105	1.21008	3.00988	1.20985
1.095 1.98811	1.13946	2.83471	1.13931
1.105 2.79408	2.9173	2.67051	2.91862
1.115 2.63564	2.753	2.51884	2.75247
1.125 2.48907	2.599	2.37921	2.59941
1.135 2.35304	2.45774	2.24871	2.45753
1.145 2.22759	2.32695	2.12902	2.32587
1.155 2.11108	2.20468	2.01805	2.20402
1.165 2.00235	2.09205	1.91337	2.09104
1.175 1.90219	1.98599	1.81825	1.98667
1.185 1.80886	1.88879	1.7292	1.88865
1.195 1.72223	1.798	1.64642	1.79847
1.205 1.64209	1.71511	1.56945	1.7147
1.215 1.5673	1.63624	1.49831	1.63669
1.225 1.49727	1.56329	1.43088	1.56437
1.235 1.43267	1.49596	1.36933	1.49639
1.245 1.37202	1.43305	1.31119	1.43295
1.255 1.31594	1.37507	1.25756	1.37386
1.265 1.26361	1.31977	1.2075	1.31996
1.275 1.21475	1.26899	1.16106	1.26814
1.285 1.16911	1.22115	1.11699	1.22158
1.295 1.12709	1.17717	1.07717	1.17708
1.305 1.0875	1.13643	1.03889	1.13603
1.315 1.05092	1.09759	1.00435	1.09762
1.325 1.01652	1.06136	0.971617	1.06171
1.335 0.984793	1.02901	0.941149	1.02809
1.345 0.954741	0.99707	0.912281	0.997544
1.355 0.927619	0.969167	0.886305	0.968905
1.365 0.901751	0.941873	0.861398	0.942537
1.375 0.877969	0.916594	0.839067	0.917344
1.385 0.856063	0.894214	0.817877	0.894475
1.395 0.836023	0.873135	0.799159	0.872822
1.405 0.816722	0.853675	0.780125	0.853144
1.415 0.798982	0.83491	0.763234	0.834727
1.425 0.783339	0.818486	0.748348	0.81835
1.435 0.768668	0.803336	0.734311	0.802886
1.445 0.755043	0.78912	0.721095	0.789034
1.455 0.743089	0.776693	0.709824	0.776181
1.465 0.731961	0.764759	0.699391	0.764464
1.475 0.721899	0.754452	0.689589	0.754129
1.485 0.713156	0.744838	0.681226	0.745494
1.495 0.705415	0.736901	0.674074	0.736766
1.505 0.69853	0.730106	0.667144	0.729884
1.515 0.692543	0.723426	0.661665	0.723568
1.525 0.687496	0.718557	0.65665	0.718283
1.535 0.683381	0.713724	0.652789	0.714374
1.545 0.680311	0.710484	0.650175	0.710564
1.555 0.678053	0.708519	0.647749	0.708349
1.565 0.676572	0.7071	0.646343	0.706656
1.575 0.675912	0.70611	0.645789	0.70611
1.585 0.676179	0.706366	0.646105	0.706291
1.595 0.677034	0.70718	0.64721	0.706686
1.605 0.679127	0.709204	0.648976	0.709505
1.615 0.681747	0.711705	0.651859	0.711714
1.625 0.685352	0.71537	0.655281	0.715626
1.635 0.689622	0.719775	0.659564	0.719735
1.645 0.694418	0.7246	0.664117	0.724991
1.655 0.700581	0.730929	0.670327	0.730893
1.665 0.70677	0.737374	0.676248	0.737362
1.675 0.714757	0.745816	0.683955	0.745457
1.685 0.723294	0.754072	0.692735	0.753789
1.695 0.73205	0.763138	0.701216	0.762782
1.705 0.742054	0.773204	0.710931	0.773306
1.715 0.752303	0.783328	0.721414	0.783212
1.725 0.7635	0.794926	0.732399	0.794431
1.735 0.775915	0.807211	0.744766	0.807073
1.745 0.788347	0.819569	0.757378	0.819218
1.755 0.801673	0.832337	0.770857	0.832797
1.765 0.815511	0.846448	0.78467	0.846411
1.775 0.830344	0.861262	0.799495	0.861278
1.785 0.845091	0.875788	0.814542	0.875644
1.795 0.860368	0.890531	0.830288	0.890517
1.805 0.876111	0.905759	0.846549	0.905734
1.815 0.892137	0.921438	0.863032	0.921192
1.825 0.908177	0.93723	0.879453	0.936717
1.835 0.924907	0.953245	0.896922	0.95268
1.845 0.941257	0.968952	0.9137	0.968812
1.855 0.957741	0.984839	0.930889	0.984481
1.865 0.974375	1.00045	0.948315	1.00055
1.875 0.990955	1.0165	0.965503	1.01644
1.885 1.00711	1.03169	0.982329	1.03222
1.895 1.02318	1.04685	0.999203	1.04759
1.905 1.03921	1.06268	1.01565	1.06296
1.915 1.05484	1.07767	1.03194	1.07793
1.925 1.07028	1.09251	1.04798	1.09276
1.935 1.08568	1.10717	1.06399	1.10767
1.945 1.10081	1.12188	1.07958	1.12232
1.955 1.11536	1.13612	1.09469	1.13605
1.965 1.1306	1.15107	1.11034	1.15077
1.975 1.14507	1.1648	1.12515	1.16527
1.985 1.16002	1.17936	1.14039	1.18005
1.995 1.17443	1.19401	1.15495	1.19391
2.005 1.1888	1.20779	1.16961	1.2083
2.015 1.20077	1.21927	1.18223	1.21944
2.025 1.21001	1.22751	1.1925	1.22764
2.035 1.21702	1.23293	1.20099	1.23325
2.045 1.22161	1.23584	1.20762	1.23542
2.055 1.22497	1.23703	1.21301	1.2369
2.065 1.22693	1.23626	1.21765	1.23622
2.075 1.22794	1.23484	1.22111	1.23473
2.085 1.22782	1.23145	1.22387	1.2321
2.095 1.22756	1.22796	1.22689	1.2285
2.105 1.22597	1.22296	1.22873	1.22346
2.115 1.22275	1.21719	1.22833	1.21711
2.125 1.21807	1.21029	1.22577	1.2104
2.135 1.21156	1.20194	1.22085	1.20257
2.145 1.20393	1.19317	1.21467	1.19313
2.155 1.19513	1.18367	1.20669	1.18344
2.165 1.18567	1.17339	1.19786	1.17352
2.175 1.17547	1.16279	1.18796	1.16312
2.185 1.16514	1.1531	1.17738	1.15265
2.195 1.15398	1.14193	1.16607	1.1418
2.205 1.14281	1.13097	1.15453	1.13115
2.215 1.131	1.12015	1.1419	1.12
2.225 1.11937	1.10888	1.12996	1.10862
2.235 1.10751	1.09698	1.11784	1.09733
2.245 1.09566	1.08612	1.10525	1.08598
2.255 1.08328	1.07407	1.09265	1.07371
2.265 1.07163	1.06251	1.08056	1.06283
2.275 1.05968	1.0507	1.06845	1.0511
2.285 1.04824	1.0402	1.05635	1.04004
2.295 1.03693	1.02909	1.04491	1.02877
2.305 1.02598	1.01835	1.03368	1.01815
2.315 1.01542	1.00805	1.02286	1.0079
2.325 1.00498	0.997715	1.01214	0.997887
2.335 0.995081	0.98809	1.00195	0.9883
2.345 0.985724	0.97907	0.992363	0.979069
2.355 0.976656	0.970194	0.983182	0.970034
2.365 0.967834	0.961686	0.974097	0.961425
2.375 0.959628	0.953866	0.965605	0.953406
2.385 0.951895	0.946203	0.957664	0.946021
2.395 0.944593	0.93907	0.949934	0.939407
2.405 0.937773	0.932361	0.943117	0.93247
2.415 0.931658	0.926621	0.936916	0.926154
2.425 0.925637	0.920609	0.930565	0.920786
2.435 0.920385	0.915509	0.925321	0.915365
2.445 0.915231	0.910489	0.920009	0.910393
2.455 0.910776	0.906269	0.915336	0.90614
2.465 0.906532	0.90214	0.910959	0.902046
2.475 0.903226	0.899169	0.907569	0.898574
2.485 0.900245	0.896125	0.904434	0.895969
2.495 0.897627	0.893649	0.901705	0.893429
2.505 0.895458	0.891555	0.899425	0.891406
2.515 0.89372	0.890129	0.897495	0.889742
2.525 0.89266	0.88919	0.896417	0.888597
2.535 0.89161	0.887993	0.895286	0.887855
2.545 0.891739	0.888205	0.895164	0.888405
2.555 0.891609	0.888288	0.894911	0.888311
2.565 0.892024	0.888657	0.895413	0.888594
2.575 0.892937	0.889944	0.896023	0.889741
2.585 0.894444	0.891309	0.897631	0.891187
2.595 0.896018	0.893546	0.898732	0.893049
2.605 0.898247	0.895282	0.901051	0.89559
2.615 0.900667	0.8981	0.90322	0.898116
2.625 0.903304	0.900784	0.905837	0.900744
2.635 0.906777	0.904458	0.909177	0.904285
2.645 0.910347	0.908018	0.912694	0.907972
2.655 0.913834	0.911794	0.916043	0.911447
2.665 0.918028	0.915923	0.920056	0.916066
2.675 0.922366	0.920272	0.924249	0.920682
2.685 0.927002	0.925271	0.92876	0.925209
2.695 0.93164	0.930005	0.933269	0.930008
2.705 0.936621	0.935286	0.938159	0.934872
2.715 0.941692	0.940068	0.943004	0.940685
2.725 0.947048	0.946012	0.948299	0.945574
2.735 0.952517	0.951626	0.95352	0.951396
2.745 0.958005	0.957107	0.958843	0.957222
2.755 0.963591	0.962585	0.964315	0.963144
2.765 0.969163	0.968498	0.969759	0.968631
2.775 0.975105	0.974595	0.97554	0.974746
2.785 0.980749	0.98041	0.981141	0.980303
2.795 0.986245	0.986027	0.986525	0.985901
2.805 0.991858	0.991788	0.991822	0.991999
2.815 0.997518	0.997586	0.997341	0.997806
2.825 1.00301	1.00332	1.0026	1.00352
2.835 1.00842	1.00881	1.00797	1.00892
2.845 1.01376	1.01445	1.01309	1.01439
2.855 1.01879	1.01936	1.01819	1.01941
2.865 1.02352	1.02417	1.02274	1.02445
2.875 1.0283	1.02931	1.02726	1.02936
2.885 1.0327	1.03363	1.03168	1.0338
2.895 1.03686	1.03806	1.03558	1.03821
2.905 1.04098	1.04227	1.03974	1.04219
2.915 1.04471	1.04605	1.04339	1.04601
2.925 1.04796	1.04932	1.04638	1.04978
2.935 1.0512	1.05291	1.0496	1.05269
2.945 1.0541	1.05588	1.05229	1.05594
2.955 1.05656	1.05829	1.05486	1.05825
2.965 1.059	1.06089	1.05729	1.06053
2.975 1.0611	1.06288	1.05922	1.06309
2.985 1.06274	1.06452	1.06084	1.06478
2.995 1.06408	1.06618	1.06211	1.06592
3.005 1.06513	1.06707	1.063	1.06746
3.015 1.06599	1.06808	1.06384	1.06821
3.025 1.0665	1.06853	1.0643	1.0689
3.035 1.06653	1.06896	1.06421	1.06876
3.045 1.06656	1.06899	1.06422	1.06881
3.055 1.06599	1.06836	1.06359	1.06841
3.065 1.06519	1.06754	1.0627	1.06783
3.075 1.06425	1.06664	1.0618	1.06676
3.085 1.06291	1.06523	1.06049	1.06544
3.095 1.0615	1.06442	1.05886	1.06387
3.105 1.05964	1.06221	1.05711	1.06216
3.115 1.05769	1.06034	1.05518	1.06006
3.125 1.05552	1.05821	1.05299	1.05792
3.135 1.0531	1.05528	1.05076	1.05561
3.145 1.05049	1.05299	1.04812	1.05273
3.155 1.04782	1.05009	1.04548	1.05026
3.165 1.04483	1.04733	1.04231	1.04738
3.175 1.04204	1.04414	1.03981	1.04439
3.185 1.03879	1.0411	1.03654	1.041
3.195 1.03568	1.03799	1.03334	1.03806
3.205 1.03243	1.03467	1.03025	1.03457
3.215 1.02896	1.03105	1.02691	1.03097
3.225 1.02553	1.02774	1.02346	1.02744
3.235 1.02214	1.02406	1.02015	1.0242
3.245 1.01885	1.02088	1.01682	1.02091
3.255 1.01533	1.01725	1.01346	1.01717
3.265 1.01209	1.01397	1.0102	1.01399
3.275 1.00851	1.01022	1.00686	1.0101
3.285 1.00544	1.00703	1.00375	1.00726
3.295 1.00212	1.00374	1.00045	1.00384
3.305 0.999184	1.00076	0.997635	1.00071
3.315 0.995992	0.997593	0.994534	0.997313
3.325 0.992992	0.994644	0.991391	0.994551
3.335 0.990263	0.991711	0.98884	0.991668
3.345 0.987389	0.988677	0.98596	0.988966
3.355 0.984805	0.986135	0.983504	0.986083
3.365 0.982194	0.983491	0.980821	0.98365
3.375 0.979844	0.981072	0.97865	0.981008
3.385 0.977584	0.978939	0.976223	0.978956
3.395 0.975505	0.976568	0.974234	0.97699
3.405 0.973586	0.974668	0.972413	0.974857
3.415 0.971906	0.972805	0.970757	0.973308
3.425 0.970288	0.971187	0.969127	0.971718
3.435 0.968821	0.969839	0.967694	0.970062
3.445 0.96751	0.96863	0.966476	0.968464
3.455 0.96646	0.967496	0.965327	0.967697
3.465 0.965505	0.966664	0.964392	0.966578
3.475 0.964797	0.965837	0.963699	0.96596
3.485 0.964266	0.965256	0.963263	0.965286
3.495 0.9638	0.964843	0.96276	0.964843
3.505 0.963545	0.964535	0.962571	0.964509
3.515 0.963355	0.964293	0.962381	0.964371
3.525 0.963656	0.96456	0.962722	0.964627
3.535 0.963861	0.964905	0.962999	0.964542
3.545 0.964169	0.965117	0.963355	0.964853
3.555 0.964746	0.965587	0.964006	0.965387
3.565 0.965614	0.966506	0.964813	0.966329
3.575 0.966189	0.9668	0.965465	0.967029
3.585 0.96724	0.968075	0.966515	0.967861
3.595 0.968362	0.969119	0.967643	0.969046
3.605 0.969553	0.970358	0.968904	0.970047
3.615 0.970789	0.971648	0.970064	0.971385
3.625 0.972192	0.97291	0.971463	0.972936
3.635 0.973734	0.974463	0.973068	0.974339
3.645 0.975425	0.976208	0.974776	0.975943
3.655 0.977008	0.977549	0.976416	0.977655
3.665 0.978701	0.97939	0.978043	0.979334
3.675 0.980767	0.98152	0.980178	0.981196
3.685 0.982361	0.983165	0.981789	0.982702
3.695 0.98443	0.984926	0.983829	0.985137
3.705 0.986502	0.98699	0.985975	0.98707
3.715 0.988284	0.988941	0.987663	0.988871
3.725 0.99028	0.990842	0.989827	0.990626
3.735 0.992238	0.992779	0.991707	0.992763
3.745 0.994259	0.99492	0.993786	0.994547
3.755 0.996214	0.996879	0.995686	0.996608
3.765 0.998258	0.998867	0.997737	0.998694
3.775 1.00026	1.00087	0.999689	1.0008
3.785 1.00219	1.00265	1.00171	1.0027
3.795 1.00391	1.00437	1.00339	1.00449
3.805 1.00576	1.00632	1.00523	1.00627
3.815 1.00752	1.00791	1.00704	1.0081
3.825 1.00917	1.00962	1.00863	1.00982
3.835 1.01098	1.01147	1.01053	1.0114
3.845 1.01244	1.01282	1.0119	1.01314
3.855 1.01392	1.01453	1.01333	1.01451
3.865 1.01524	1.01589	1.01462	1.01583
3.875 1.01662	1.01687	1.01617	1.01728
3.885 1.01783	1.01828	1.01733	1.01839
3.895 1.01892	1.0194	1.01835	1.01957
3.905 1.01993	1.02039	1.0193	1.02072
3.915 1.0208	1.02144	1.02029	1.02119
3.925 1.02168	1.02215	1.02124	1.02208
3.935 1.02221	1.02278	1.02164	1.02278
3.945 1.02278	1.02339	1.02223	1.02327
3.955 1.02317	1.02376	1.0227	1.02354
3.965 1.02368	1.02436	1.02304	1.02427
3.975 1.02389	1.02426	1.02337	1.02456
3.985 1.02402	1.02476	1.02344	1.02446
3.995 1.0241	1.02472	1.02354	1.0246
4.005 1.0239	1.02468	1.02326	1.0244
4.015 1.02387	1.02453	1.02325	1.02443
4.025 1.02362	1.02416	1.02302	1.02428
4.035 1.02318	1.0238	1.02251	1.02388
4.045 1.02277	1.02336	1.02214	1.02343
4.055 1.02209	1.02287	1.02138	1.02272
4.065 1.02157	1.0222	1.02094	1.02221
4.075 1.02091	1.02152	1.02023	1.02166
4.085 1.02019	1.02087	1.01957	1.02076
4.095 1.01949	1.02012	1.01886	1.02012
4.105 1.01859	1.01937	1.01787	1.01926
4.115 1.01761	1.01836	1.01689	1.01829
4.125 1.01669	1.01722	1.01604	1.01744
4.135 1.01563	1.01639	1.01502	1.0161
4.145 1.01448	1.01513	1.01385	1.01512
4.155 1.0134	1.01396	1.01261	1.01442
4.165 1.01227	1.01276	1.01168	1.01296
4.175 1.01109	1.01167	1.01029	1.01211
4.185 1.00992	1.01067	1.00915	1.01072
4.195 1.00878	1.00951	1.00801	1.00957
4.205 1.00758	1.00819	1.00685	1.00844
4.215 1.00646	1.00704	1.00572	1.00735
4.225 1.00516	1.00585	1.00441	1.00595
4.235 1.00402	1.00468	1.00322	1.00496
4.245 1.00286	1.00348	1.00203	1.00388
4.255 1.00179	1.00254	1.001	1.00262
4.265 1.00061	1.00142	0.999731	1.00154
4.275 0.999471	1.00036	0.998742	1.00004
4.285 0.9984	0.999287	0.99756	0.999198
4.295 0.997391	0.998217	0.996614	0.998123
4.305 0.996359	0.997147	0.995619	0.997053
4.315 0.995514	0.996198	0.994739	0.996385
4.325 0.9945	0.995255	0.993685	0.995379
4.335 0.993794	0.994682	0.993055	0.994386
4.345 0.992826	0.993479	0.992045	0.99374
4.355 0.992182	0.992997	0.991438	0.992858
4.365 0.991546	0.99225	0.990751	0.992437
4.375 0.990727	0.991422	0.989916	0.991659
4.385 0.990099	0.990973	0.989298	0.99083
4.395 0.989584	0.990249	0.988799	0.990493
4.405 0.98915	0.989934	0.988402	0.989863
4.415 0.988764	0.989529	0.987971	0.989589
4.425 0.988364	0.989192	0.987512	0.989242
4.435 0.988089	0.988802	0.987259	0.989041
4.445 0.987894	0.988821	0.987009	0.988739
4.455 0.987647	0.988486	0.986853	0.988399
4.465 0.987593	0.988473	0.986787	0.988328
4.475 0.987469	0.988291	0.986774	0.98804
4.485 0.987549	0.988554	0.986774	0.988097
4.495 0.987587	0.988379	0.986835	0.988301
4.505 0.987658	0.988388	0.986905	0.988439
4.515 0.987914	0.98862	0.987239	0.98856
4.525 0.988095	0.989062	0.987356	0.988609
4.535 0.988449	0.989412	0.987588	0.989211
4.545 0.988727	0.989534	0.987991	0.989395
4.555 0.989174	0.989956	0.988382	0.98998
4.565 0.989541	0.990322	0.988769	0.990307
4.575 0.990061	0.990856	0.989271	0.990849
4.585 0.990584	0.991442	0.989781	0.991336
4.595 0.991022	0.991883	0.990191	0.991829
4.605 0.991803	0.992543	0.990985	0.992704
4.615 0.992381	0.993269	0.991542	0.993177
4.625 0.992933	0.993658	0.99215	0.993777
4.635 0.993634	0.99435	0.99287	0.994452
4.645 0.99424	0.995097	0.993338	0.995191
4.655 0.994966	0.995892	0.994112	0.995751
4.665 0.995699	0.996703	0.994771	0.996557
4.675 0.996452	0.997385	0.995583	0.997261
4.685 0.997131	0.99795	0.996285	0.998008
4.695 0.99781	0.998602	0.997022	0.998598
4.705 0.998522	0.999451	0.997701	0.999237
4.715 0.999354	1.00027	0.998431	1.00029
4.725 0.999981	1.00091	0.999138	1.00074
4.735 1.00069	1.0015	0.999849	1.00157
4.745 1.00144	1.00238	1.00061	1.00219
4.755 1.00205	1.00292	1.00115	1.00299
4.765 1.00278	1.00367	1.002	1.00344
4.775 1.00335	1.00431	1.00243	1.00422
4.785 1.00403	1.00487	1.00319	1.00488
4.795 1.00473	1.00562	1.0039	1.00549
4.805 1.00514	1.00602	1.00434	1.00587
4.815 1.00569	1.00648	1.00495	1.00641
4.825 1.00627	1.00713	1.0055	1.00694
4.835 1.00672	1.00756	1.00591	1.00751
4.845 1.00732	1.00816	1.00651	1.00812
4.855 1.00755	1.00828	1.00681	1.00829
4.865 1.00809	1.00897	1.00722	1.00896
4.875 1.00819	1.00896	1.00739	1.00902
4.885 1.00866	1.00942	1.00783	1.00955
4.895 1.00898	1.00971	1.0081	1.01001
4.905 1.00908	1.01003	1.00831	1.00967
4.915 1.00934	1.00997	1.00856	1.0103
4.925 1.00942	1.01024	1.0085	1.01044
4.935 1.00944	1.0101	1.00865	1.01037
4.945 1.00959	1.01052	1.00874	1.01036
4.955 1.00958	1.01029	1.00874	1.01057
4.965 1.00962	1.0104	1.00881	1.01047
4.975 1.00963	1.01031	1.00888	1.01045
4.985 1.00947	1.01012	1.00874	1.01028
