# density = 0.3, beta = 1
# Hard core distances: {{1,1},{1,1}}
# Well range distances: {{1.25,1.25},{1.25,1.25}}
# Depth of well: {{0,-1},{-1,0}}
# Sample information: init cycles = 1000000, sample cycles = 1000000

 x g(x) g11(x) g12(x) g22(x)
0.005 0	0	0	0
0.015 0	0	0	0
0.025 0	0	0	0
0.035 0	0	0	0
0.045 0	0	0	0
0.055 0	0	0	0
0.065 0	0	0	0
0.075 0	0	0	0
0.085 0	0	0	0
0.095 0	0	0	0
0.105 0	0	0	0
0.115 0	0	0	0
0.125 0	0	0	0
0.135 0	0	0	0
0.145 0	0	0	0
0.155 0	0	0	0
0.165 0	0	0	0
0.175 0	0	0	0
0.185 0	0	0	0
0.195 0	0	0	0
0.205 0	0	0	0
0.215 0	0	0	0
0.225 0	0	0	0
0.235 0	0	0	0
0.245 0	0	0	0
0.255 0	0	0	0
0.265 0	0	0	0
0.275 0	0	0	0
0.285 0	0	0	0
0.295 0	0	0	0
0.305 0	0	0	0
0.315 0	0	0	0
0.325 0	0	0	0
0.335 0	0	0	0
0.345 0	0	0	0
0.355 0	0	0	0
0.365 0	0	0	0
0.375 0	0	0	0
0.385 0	0	0	0
0.395 0	0	0	0
0.405 0	0	0	0
0.415 0	0	0	0
0.425 0	0	0	0
0.435 0	0	0	0
0.445 0	0	0	0
0.455 0	0	0	0
0.465 0	0	0	0
0.475 0	0	0	0
0.485 0	0	0	0
0.495 0	0	0	0
0.505 0	0	0	0
0.515 0	0	0	0
0.525 0	0	0	0
0.535 0	0	0	0
0.545 0	0	0	0
0.555 0	0	0	0
0.565 0	0	0	0
0.575 0	0	0	0
0.585 0	0	0	0
0.595 0	0	0	0
0.605 0	0	0	0
0.615 0	0	0	0
0.625 0	0	0	0
0.635 0	0	0	0
0.645 0	0	0	0
0.655 0	0	0	0
0.665 0	0	0	0
0.675 0	0	0	0
0.685 0	0	0	0
0.695 0	0	0	0
0.705 0	0	0	0
0.715 0	0	0	0
0.725 0	0	0	0
0.735 0	0	0	0
0.745 0	0	0	0
0.755 0	0	0	0
0.765 0	0	0	0
0.775 0	0	0	0
0.785 0	0	0	0
0.795 0	0	0	0
0.805 0	0	0	0
0.815 0	0	0	0
0.825 0	0	0	0
0.835 0	0	0	0
0.845 0	0	0	0
0.855 0	0	0	0
0.865 0	0	0	0
0.875 0	0	0	0
0.885 0	0	0	0
0.895 0	0	0	0
0.905 0	0	0	0
0.915 0	0	0	0
0.925 0	0	0	0
0.935 0	0	0	0
0.945 0	0	0	0
0.955 0	0	0	0
0.965 0	0	0	0
0.975 0	0	0	0
0.985 0	0	0	0
0.995 0	0	0	0
1.005 1.29517	1.93185	0.66025	1.93151
1.015 1.27839	1.907	0.651502	1.9067
1.025 1.26188	1.88247	0.643694	1.88078
1.035 1.24495	1.85483	0.635814	1.85638
1.045 1.22981	1.83326	0.627678	1.83364
1.055 1.21467	1.81069	0.620208	1.81057
1.065 1.19883	1.78703	0.612245	1.78674
1.075 1.18396	1.76585	0.604913	1.76308
1.085 1.16855	1.74199	0.597179	1.74072
1.095 1.15504	1.72041	0.590178	1.72223
1.105 1.13964	1.69749	0.58275	1.69838
1.115 1.12722	1.68119	0.576256	1.67794
1.125 1.11314	1.65713	0.570199	1.65777
1.135 1.10016	1.63979	0.562972	1.63759
1.145 1.08742	1.62056	0.556692	1.61841
1.155 1.07524	1.60095	0.550602	1.60144
1.165 1.06202	1.58207	0.543506	1.58158
1.175 1.05033	1.5643	0.537989	1.56361
1.185 1.03844	1.54655	0.531396	1.54697
1.195 1.02728	1.53004	0.526518	1.52855
1.205 1.01529	1.51116	0.520167	1.51214
1.215 1.00424	1.49492	0.514549	1.49539
1.225 0.993841	1.48056	0.509004	1.47922
1.235 0.983134	1.46295	0.50424	1.4635
1.245 0.971926	1.4463	0.498331	1.44711
1.255 1.38708	1.43145	1.34257	1.43196
1.265 1.37353	1.41821	1.32923	1.41766
1.275 1.35915	1.40313	1.31488	1.40393
1.285 1.34595	1.39017	1.30265	1.38854
1.295 1.33245	1.37514	1.29042	1.37405
1.305 1.31907	1.36207	1.27653	1.36137
1.315 1.30645	1.34777	1.26492	1.3484
1.325 1.29383	1.3356	1.25265	1.33464
1.335 1.28221	1.32193	1.24218	1.32276
1.345 1.27011	1.31036	1.23042	1.30942
1.355 1.25848	1.29773	1.21885	1.29869
1.365 1.2475	1.28639	1.20815	1.28753
1.375 1.23681	1.27547	1.19862	1.27471
1.385 1.22627	1.26496	1.188	1.26431
1.395 1.2151	1.25285	1.17798	1.25179
1.405 1.20533	1.24224	1.16875	1.24176
1.415 1.19476	1.23153	1.15774	1.23221
1.425 1.18561	1.22198	1.14964	1.22135
1.435 1.17623	1.21234	1.14006	1.21264
1.445 1.16679	1.2031	1.1314	1.20144
1.455 1.15763	1.19261	1.12285	1.19236
1.465 1.14906	1.18368	1.11415	1.18445
1.475 1.14021	1.17432	1.1066	1.17351
1.485 1.13215	1.16641	1.09808	1.16618
1.495 1.12456	1.15857	1.09094	1.15798
1.505 1.11595	1.15021	1.08218	1.14942
1.515 1.1087	1.14143	1.07551	1.14249
1.525 1.10099	1.13474	1.06824	1.1329
1.535 1.09361	1.12588	1.06134	1.12604
1.545 1.08627	1.11893	1.05409	1.11813
1.555 1.08001	1.11158	1.0486	1.11143
1.565 1.07373	1.10586	1.04238	1.10445
1.575 1.0677	1.09869	1.0362	1.09985
1.585 1.06164	1.09276	1.03068	1.0926
1.595 1.05535	1.0868	1.02455	1.08566
1.605 1.0494	1.08032	1.01905	1.07933
1.615 1.04403	1.07403	1.01375	1.07472
1.625 1.03869	1.06813	1.00871	1.06934
1.635 1.03331	1.06298	1.00347	1.06346
1.645 1.0286	1.05845	0.99861	1.05889
1.655 1.02364	1.05331	0.994262	1.05288
1.665 1.01869	1.04723	0.989826	1.04802
1.675 1.01473	1.04425	0.98554	1.04374
1.685 1.0107	1.03994	0.981295	1.04043
1.695 1.00663	1.03567	0.978098	1.0348
1.705 1.00178	1.0302	0.973314	1.03043
1.715 0.998871	1.02712	0.970258	1.02799
1.725 0.995263	1.02304	0.967391	1.02337
1.735 0.9919	1.01992	0.963986	1.01985
1.745 0.988775	1.01697	0.960792	1.01668
1.755 0.986042	1.01382	0.958326	1.01383
1.765 0.982797	1.01041	0.954933	1.01105
1.775 0.980519	1.00865	0.952547	1.00847
1.785 0.97791	1.00564	0.950228	1.00569
1.795 0.975722	1.00299	0.948452	1.00313
1.805 0.973626	1.00157	0.946208	1.00066
1.815 0.971975	0.999178	0.944893	0.99907
1.825 0.969432	0.996574	0.9424	0.996489
1.835 0.967998	0.994459	0.94086	0.995951
1.845 0.966732	0.994177	0.9394	0.99409
1.855 0.965561	0.99246	0.938692	0.992536
1.865 0.964179	0.991197	0.937241	0.991171
1.875 0.962933	0.989846	0.936271	0.989477
1.885 0.962658	0.990191	0.936081	0.988414
1.895 0.962	0.988752	0.935054	0.989274
1.905 0.96164	0.987809	0.935243	0.988396
1.915 0.961218	0.987465	0.934682	0.988176
1.925 0.960601	0.987261	0.934362	0.986552
1.935 0.960579	0.986985	0.934543	0.986374
1.945 0.961108	0.987383	0.935067	0.987046
1.955 0.961426	0.987531	0.935452	0.9874
1.965 0.961575	0.987554	0.935775	0.987326
1.975 0.96191	0.987801	0.935838	0.988294
1.985 0.96316	0.989282	0.937374	0.988738
1.995 0.964112	0.99047	0.938048	0.990011
2.005 0.965001	0.99079	0.939231	0.990881
2.015 0.966102	0.992306	0.940284	0.991663
2.025 0.967116	0.993188	0.9415	0.992403
2.035 0.968069	0.993524	0.942522	0.993836
2.045 0.968743	0.994624	0.943371	0.993732
2.055 0.969939	0.995044	0.944848	0.995143
2.065 0.970915	0.995537	0.946533	0.99518
2.075 0.972251	0.99698	0.947686	0.996776
2.085 0.972779	0.996706	0.94882	0.996891
2.095 0.974138	0.998058	0.950307	0.998
2.105 0.974909	0.998132	0.951408	0.998805
2.115 0.97599	0.998445	0.953271	0.999087
2.125 0.977118	0.999672	0.954747	0.999418
2.135 0.978396	1.00064	0.956397	1.00026
2.145 0.979312	1.00015	0.957926	1.00135
2.155 0.980239	1.00149	0.959358	1.00086
2.165 0.981573	1.00187	0.961156	1.00222
2.175 0.982677	1.00288	0.962804	1.00232
2.185 0.983781	1.00271	0.9644	1.00372
2.195 0.985129	1.00351	0.966656	1.00379
2.205 0.98651	1.00411	0.968873	1.00427
2.215 0.987753	1.00496	0.970452	1.00523
2.225 0.98875	1.00534	0.972088	1.00557
2.235 0.990283	1.00624	0.974302	1.00637
2.245 0.991199	1.00591	0.976641	1.00567
2.255 0.992727	1.00686	0.978643	1.00684
2.265 0.994324	1.0076	0.9809	1.00796
2.275 0.995344	1.00824	0.982805	1.00759
2.285 0.996619	1.00824	0.984701	1.0089
2.295 0.997908	1.00917	0.986487	1.00955
2.305 0.998556	1.00922	0.987736	1.00959
2.315 0.999382	1.00978	0.989222	1.00936
2.325 1.00035	1.01	0.990764	1.00992
2.335 1.0007	1.0095	0.991705	1.00994
2.345 1.00213	1.01067	0.993566	1.01078
2.355 1.00263	1.0106	0.994408	1.01113
2.365 1.00326	1.01094	0.995521	1.01109
2.375 1.00383	1.01092	0.996704	1.01105
2.385 1.00408	1.01091	0.996891	1.01169
2.395 1.00514	1.01167	0.998864	1.01119
2.405 1.00535	1.01215	0.999007	1.01125
2.415 1.00563	1.01152	0.999836	1.01137
2.425 1.00628	1.01212	1.00058	1.01188
2.435 1.00671	1.01207	1.00115	1.01249
2.445 1.00738	1.01288	1.00219	1.0123
2.455 1.00731	1.01232	1.00229	1.01238
2.465 1.00726	1.01223	1.00256	1.01171
2.475 1.00789	1.0123	1.0033	1.01267
2.485 1.00768	1.01202	1.00317	1.01241
2.495 1.00858	1.01288	1.00422	1.01302
2.505 1.00843	1.01277	1.00422	1.01254
2.515 1.00839	1.01246	1.0041	1.01291
2.525 1.00868	1.0133	1.00448	1.01248
2.535 1.00856	1.01265	1.00457	1.01248
2.545 1.00862	1.01232	1.0047	1.01278
2.555 1.00877	1.01335	1.0045	1.01276
2.565 1.00907	1.01318	1.00523	1.01266
2.575 1.00882	1.01304	1.00477	1.01271
2.585 1.00904	1.01269	1.0053	1.01287
2.595 1.00871	1.01255	1.00503	1.01224
2.605 1.00881	1.01285	1.00515	1.01213
2.615 1.00848	1.01208	1.00476	1.01234
2.625 1.00843	1.01204	1.00489	1.01189
2.635 1.00806	1.01175	1.00473	1.01105
2.645 1.00798	1.01113	1.00466	1.01147
2.655 1.0077	1.01111	1.00439	1.01092
2.665 1.00754	1.01084	1.00445	1.01043
2.675 1.00747	1.0105	1.00428	1.01081
2.685 1.00743	1.01048	1.00414	1.01096
2.695 1.00698	1.00978	1.00394	1.01028
2.705 1.00691	1.01029	1.00389	1.00961
2.715 1.00644	1.00956	1.00349	1.00925
2.725 1.00641	1.00943	1.00332	1.0096
2.735 1.00614	1.00912	1.00326	1.00895
2.745 1.00593	1.00919	1.00294	1.00868
2.755 1.00572	1.00867	1.00296	1.00829
2.765 1.00516	1.00765	1.00261	1.00779
2.775 1.00512	1.0083	1.00241	1.00737
2.785 1.00447	1.00705	1.00185	1.00715
2.795 1.00449	1.00703	1.00211	1.00671
2.805 1.00443	1.00701	1.00213	1.00647
2.815 1.00413	1.0068	1.00156	1.00661
2.825 1.00372	1.00568	1.00134	1.00653
2.835 1.00374	1.00628	1.00143	1.00584
2.845 1.00306	1.00499	1.00085	1.00558
2.855 1.00328	1.00568	1.00105	1.00537
2.865 1.003	1.00523	1.00076	1.00524
2.875 1.00281	1.00482	1.00084	1.00473
2.885 1.00251	1.00441	1.0007	1.00424
2.895 1.00213	1.00411	1.00013	1.00416
2.905 1.00214	1.0041	1.00023	1.00401
2.915 1.0019	1.00382	1.00008	1.00362
2.925 1.00173	1.00371	0.999974	1.00329
2.935 1.0014	1.00324	0.999522	1.00332
2.945 1.0011	1.00299	0.999456	1.00251
2.955 1.00119	1.00278	0.999554	1.00286
2.965 1.001	1.00263	0.999448	1.0025
2.975 1.00076	1.00227	0.999045	1.00267
2.985 1.00084	1.00249	0.999399	1.0021
2.995 1.00049	1.0018	0.999081	1.00199
3.005 1.00041	1.00177	0.999004	1.00186
3.015 1.00036	1.00157	0.998976	1.00191
3.025 1.00005	1.00138	0.998775	1.00127
3.035 1.00032	1.00165	0.999105	1.00142
3.045 0.999986	1.00099	0.998967	1.00103
3.055 0.999631	1.00047	0.998626	1.00081
3.065 0.999961	1.00116	0.998896	1.0009
3.075 0.999588	1.00053	0.998671	1.00048
3.085 0.999576	1.00063	0.9987	1.00028
3.095 0.999715	1.0003	0.999068	1.00043
3.105 0.999551	1.00051	0.998559	1.00058
3.115 0.999462	1.00046	0.998478	1.00043
3.125 0.999345	0.999972	0.998578	1.00026
3.135 0.999438	1.00056	0.998687	0.999816
3.145 0.999518	1.00004	0.999084	0.999863
3.155 0.999451	1.00001	0.999003	0.999792
3.165 0.999169	0.999495	0.998718	0.999749
3.175 0.99944	1.00001	0.998811	1.00013
3.185 0.999385	0.999956	0.998746	1.0001
3.195 0.999399	0.999638	0.999144	0.999669
3.205 0.999379	0.999678	0.999008	0.999823
3.215 0.999393	0.999921	0.999037	0.999581
3.225 0.999595	0.999947	0.999184	1.00007
3.235 0.999289	0.999972	0.998804	0.99958
3.245 0.999236	0.999219	0.99897	0.999788
3.255 0.999505	0.999696	0.999472	0.999382
3.265 0.999544	0.99982	0.999487	0.999385
3.275 0.999696	1.00002	0.999539	0.999688
3.285 0.999398	0.999343	0.999503	0.999242
3.295 0.999514	0.999793	0.999464	0.999337
3.305 0.99959	0.99934	0.999651	0.999716
3.315 0.999579	0.999636	0.999618	0.999444
3.325 0.999677	0.999696	0.999647	0.999717
3.335 0.999831	0.99936	1.00011	0.999751
3.345 0.999531	0.999085	0.999787	0.999466
3.355 0.999845	0.999515	1.00015	0.999559
3.365 0.999928	0.999679	1.00012	0.999785
3.375 0.999974	0.999713	1.00041	0.999353
3.385 0.999967	0.999632	1.00031	0.999618
3.395 1.00002	0.99977	1.00027	0.999766
3.405 1.00023	0.999726	1.00084	0.999522
3.415 1.00011	0.999607	1.00045	0.999951
3.425 0.999981	0.999828	1.00031	0.999484
3.435 1.00031	1.00001	1.00068	0.999859
3.445 1.00014	0.9999	1.00051	0.999662
3.455 1.00041	0.999695	1.00089	1.00019
3.465 1.00048	1	1.00105	0.999825
3.475 1.00055	1.00019	1.001	1.00001
3.485 1.00076	1.00005	1.00135	1.00028
3.495 1.00053	0.999865	1.00127	0.999706
3.505 1.00059	0.999981	1.00125	0.999865
3.515 1.00066	1.00006	1.00136	0.999879
3.525 1.00055	1.00003	1.00109	0.999988
3.535 1.0008	1.00009	1.00143	1.00025
3.545 1.00083	0.999947	1.00169	0.999978
3.555 1.00079	1.0001	1.00147	1.0001
3.565 1.00069	1.00001	1.00142	0.999918
3.575 1.00077	0.999932	1.00142	1.0003
3.585 1.00081	0.999927	1.00159	1.00014
3.595 1.00115	1.00033	1.00204	1.00021
3.605 1.00108	1.00029	1.00174	1.00056
3.615 1.001	1.00025	1.0019	0.999936
3.625 1.00086	0.999878	1.00175	1.00005
3.635 1.00105	1.0003	1.00171	1.00046
3.645 1.00114	0.999929	1.002	1.00065
3.655 1.0012	1.0007	1.00192	1.00025
3.665 1.00117	1.00021	1.00199	1.00047
3.675 1.00124	1.0004	1.0021	1.00037
3.685 1.00118	1.00027	1.00204	1.00039
3.695 1.0012	1.0001	1.00206	1.0006
3.705 1.00132	1.00014	1.0023	1.00055
3.715 1.00113	1.00034	1.00188	1.00044
3.725 1.00128	1.00057	1.00224	1.00007
3.735 1.00133	1.00032	1.00224	1.00049
3.745 1.00131	1.00031	1.00222	1.00049
3.755 1.00136	1.00041	1.00222	1.00058
3.765 1.00127	1.00032	1.00223	1.00029
3.775 1.00137	1.00031	1.00234	1.00047
3.785 1.00128	1.00008	1.00231	1.00041
3.795 1.00123	1.00029	1.00219	1.00025
3.805 1.00135	1.00059	1.00215	1.00051
3.815 1.0014	1.00056	1.00236	1.00033
3.825 1.00134	1.00053	1.00239	1.00005
3.835 1.00118	1.00012	1.00233	0.99994
3.845 1.00135	1.00023	1.00237	1.0004
3.855 1.00127	1.00022	1.00239	1.00006
3.865 1.00128	1.00009	1.00218	1.00066
3.875 1.00136	1.00018	1.00239	1.0005
3.885 1.00113	0.99998	1.00224	1.00004
3.895 1.00124	1.00011	1.00238	1.00009
3.905 1.00125	1.00031	1.0022	1.00029
3.915 1.0012	1.00029	1.00211	1.00029
3.925 1.00146	1.00025	1.00255	1.00046
3.935 1.00121	1.00009	1.00231	1.00013
3.945 1.00122	1.00029	1.00227	1.00005
3.955 1.00143	1.00052	1.00248	1.00023
3.965 1.00135	1.00046	1.00236	1.00021
3.975 1.0013	1.00048	1.00236	0.999989
3.985 1.00128	1.00006	1.0023	1.00045
3.995 1.00122	1.0005	1.00221	0.999951
4.005 1.00106	0.999599	1.00232	0.999991
4.015 1.00106	1.00012	1.00205	1.00002
4.025 1.0014	1.00037	1.00246	1.00031
4.035 1.00115	1.00001	1.00232	0.999935
4.045 1.00108	1.00004	1.00234	0.999589
4.055 1.00109	0.9997	1.00216	1.00033
4.065 1.00123	1.00017	1.00232	1.00008
4.075 1.00121	0.999877	1.00246	1.00003
4.085 1.00091	0.999763	1.0019	1.00007
4.095 1.00098	0.999847	1.00223	0.999601
4.105 1.00111	0.999979	1.00242	0.999593
4.115 1.00083	0.99962	1.002	0.999683
4.125 1.00091	0.999585	1.0022	0.999671
4.135 1.00092	0.999784	1.00215	0.999573
4.145 1.00099	0.999884	1.00221	0.999657
4.155 1.00109	0.999888	1.0023	0.999872
4.165 1.00097	0.999831	1.00219	0.999662
4.175 1.00099	0.999921	1.00215	0.999715
4.185 1.00092	0.999683	1.00221	0.999548
4.195 1.00095	0.999861	1.00202	0.99988
4.205 1.00097	0.999763	1.00223	0.999652
4.215 1.00077	0.999521	1.00214	0.999269
4.225 1.00094	0.999853	1.00217	0.999574
4.235 1.00081	0.999786	1.00199	0.999491
4.245 1.00107	0.999671	1.00229	1
4.255 1.00098	0.999984	1.00223	0.999443
4.265 1.00098	0.999807	1.00224	0.999618
4.275 1.00086	0.999352	1.00217	0.999748
4.285 1.00076	0.99961	1.00199	0.999456
4.295 1.00115	1.00004	1.00227	1.00001
4.305 1.00089	0.999674	1.00204	0.999818
4.315 1.00082	0.999733	1.0021	0.999361
4.325 1.00103	0.999857	1.00219	0.99988
4.335 1.00089	0.999892	1.00212	0.999418
4.345 1.00072	0.999492	1.0019	0.999575
4.355 1.00079	0.999319	1.00217	0.999475
4.365 1.00078	0.999552	1.00202	0.999536
4.375 1.00091	0.999899	1.00214	0.999473
4.385 1.00097	0.999623	1.00222	0.999804
4.395 1.00081	0.999783	1.00212	0.999213
4.405 1.00092	0.99964	1.0024	0.999239
4.415 1.00092	0.999454	1.00227	0.999671
4.425 1.00091	0.999394	1.00233	0.999574
4.435 1.00084	0.999231	1.00225	0.999628
4.445 1.00081	0.999724	1.00212	0.999276
4.455 1.00082	0.999582	1.00209	0.999494
4.465 1.001	0.999577	1.00244	0.999551
4.475 1.00084	0.999417	1.00224	0.999481
4.485 1.00106	0.999976	1.00234	0.999578
4.495 1.0009	0.999632	1.00209	0.999797
4.505 1.00077	0.999488	1.0021	0.999389
4.515 1.00083	0.999428	1.00224	0.999413
4.525 1.00102	0.999716	1.00242	0.999519
4.535 1.00111	0.999999	1.00238	0.999667
4.545 1.00105	0.999935	1.0023	0.999629
4.555 1.00085	0.999434	1.00233	0.999296
4.565 1.00096	0.999858	1.00218	0.999614
4.575 1.00088	0.999587	1.0022	0.999523
4.585 1.00102	0.999804	1.00228	0.999708
4.595 1.001	0.999896	1.00228	0.999543
4.605 1.00113	0.999815	1.00249	0.99972
4.615 1.001	0.999814	1.00235	0.999478
4.625 1.00082	0.999441	1.0022	0.999451
4.635 1.00098	0.999527	1.00232	0.999745
4.645 1.00102	0.999608	1.00237	0.999718
4.655 1.00091	0.999489	1.00226	0.999607
4.665 1.00094	0.999464	1.00238	0.999522
4.675 1.00098	0.999765	1.00237	0.999405
4.685 1.00097	0.999565	1.00228	0.999762
4.695 1.00101	0.999502	1.0024	0.999713
4.705 1.0008	0.999445	1.00225	0.999255
4.715 1.00088	0.999446	1.00222	0.999634
4.725 1.00105	0.999451	1.00239	0.999939
4.735 1.00101	0.999606	1.00243	0.999561
4.745 1.00078	0.999222	1.00223	0.999435
4.755 1.00093	0.999526	1.00234	0.999512
4.765 1.0009	0.999489	1.00226	0.999575
4.775 1.00099	0.999453	1.00243	0.999632
4.785 1.00092	0.999817	1.00229	0.999297
4.795 1.00094	0.999745	1.00226	0.999497
4.805 1.00114	0.999747	1.00252	0.999751
4.815 1.00103	0.999786	1.00238	0.99958
4.825 1.00106	0.999604	1.00239	0.999843
4.835 1.00111	0.999848	1.00251	0.999579
4.845 1.00103	0.999607	1.00251	0.999494
4.855 1.00087	0.9994	1.00231	0.999447
4.865 1.00084	0.99963	1.00217	0.999397
4.875 1.00107	0.999811	1.00244	0.999606
4.885 1.001	0.999819	1.00232	0.999551
4.895 1.00088	0.999376	1.00232	0.999499
4.905 1.00096	0.99977	1.00225	0.999563
4.915 1.0009	0.999584	1.00225	0.99952
4.925 1.001	0.999761	1.00239	0.999464
4.935 1.00101	0.999646	1.00248	0.999424
4.945 1.00102	0.999765	1.00237	0.99955
4.955 1.00098	0.999569	1.0023	0.999731
4.965 1.00099	0.999447	1.00244	0.999612
4.975 1.00105	0.999583	1.00251	0.999595
4.985 1.00109	0.99966	1.00244	0.9998
4.995 1.00084	0.999614	1.00216	0.999434
5.005 1.00099	0.999591	1.00234	0.999666
5.015 1.00106	0.999511	1.00243	0.999841
5.025 1.00102	0.999753	1.00248	0.999346
5.035 1.001	0.999723	1.00238	0.999503
5.045 1.00104	0.99942	1.00253	0.999689
5.055 1.00094	0.999668	1.00235	0.999373
5.065 1.00098	0.999465	1.00251	0.999442
5.075 1.00096	0.999293	1.00244	0.999654
5.085 1.00103	0.999727	1.0024	0.999564
5.095 1.00091	0.999436	1.0023	0.999586
5.105 1.00082	0.999495	1.00233	0.999108
5.115 1.00088	0.999411	1.0024	0.99931
5.125 1.00096	0.999376	1.00242	0.999609
5.135 1.00097	0.99974	1.00227	0.999588
5.145 1.00089	0.999651	1.00218	0.99953
5.155 1.00098	0.999644	1.0024	0.999473
5.165 1.00083	0.999201	1.00238	0.999352
5.175 1.0009	0.999363	1.00236	0.999488
5.185 1.00098	0.99947	1.00253	0.999379
5.195 1.00093	0.999518	1.00225	0.999677
5.205 1.00103	0.999571	1.00256	0.999432
5.215 1.00094	0.999765	1.00224	0.999534
5.225 1.00095	0.999672	1.00228	0.999565
5.235 1.00107	0.999789	1.00244	0.999601
5.245 1.00097	0.999556	1.00236	0.999602
5.255 1.00094	0.99958	1.00233	0.999506
5.265 1.00075	0.999277	1.00215	0.999417
5.275 1.00097	0.999685	1.00233	0.999548
5.285 1.00086	0.999642	1.00227	0.999241
5.295 1.00096	0.999573	1.00232	0.99961
5.305 1.00088	0.999522	1.00229	0.999425
5.315 1.00104	0.999785	1.00247	0.999426
5.325 1.00082	0.999269	1.00226	0.999504
5.335 1.00094	0.999543	1.00229	0.999641
5.345 1.00099	0.999684	1.00234	0.999598
5.355 1.00091	0.999334	1.0023	0.999682
5.365 1.00109	0.999818	1.00251	0.999519
5.375 1.00114	0.999684	1.00253	0.999821
5.385 1.00103	0.999635	1.0023	0.999885
5.395 1.00094	0.999523	1.00236	0.999507
5.405 1.00099	0.999723	1.00242	0.999385
5.415 1.00095	0.999529	1.00232	0.999634
5.425 1.00093	0.999461	1.00237	0.999509
5.435 1.00091	0.999589	1.00215	0.999743
5.445 1.00081	0.999483	1.00213	0.999479
5.455 1.00097	0.999415	1.00248	0.999494
5.465 1.0009	0.99947	1.00234	0.999455
5.475 1.00102	0.999564	1.00248	0.999522
5.485 1.00098	0.999581	1.0024	0.999544
5.495 1.00088	0.999612	1.00228	0.999359
5.505 1.00101	0.999425	1.00251	0.999589
5.515 1.00106	0.999678	1.00246	0.999646
5.525 1.0009	0.999578	1.00226	0.999497
5.535 1.00098	0.999496	1.00242	0.999572
5.545 1.00091	0.999512	1.00233	0.999445
5.555 1.00103	0.999753	1.00242	0.999516
5.565 1.00103	0.999482	1.0025	0.999631
5.575 1.00102	0.999801	1.00237	0.999534
5.585 1.00092	0.999687	1.00225	0.999487
5.595 1.00103	0.999752	1.00242	0.999517
5.605 1.00096	0.99967	1.00237	0.999437
5.615 1.001	0.999591	1.00236	0.999679
5.625 1.00102	0.999504	1.00254	0.999494
5.635 1.00092	0.99948	1.00241	0.999384
5.645 1.001	0.999447	1.00244	0.999668
5.655 1.00098	0.999563	1.00237	0.999597
5.665 1.00091	0.999521	1.00234	0.999434
5.675 1.00101	0.999421	1.00244	0.999703
5.685 1.00109	0.999899	1.00242	0.999608
5.695 1.00096	0.999498	1.00238	0.999585
5.705 1.00099	0.999587	1.00238	0.999596
5.715 1.00098	0.999533	1.00241	0.999578
5.725 1.00088	0.999501	1.00225	0.999496
5.735 1.001	0.999615	1.00239	0.999581
5.745 1.00094	0.999476	1.00238	0.999533
5.755 1.00106	0.999601	1.00245	0.999737
5.765 1.00091	0.999602	1.00233	0.999381
5.775 1.00107	0.999405	1.00258	0.999731
5.785 1.00089	0.99945	1.0024	0.999316
5.795 1.00095	0.999385	1.00246	0.999475
5.805 1.00106	0.999619	1.00253	0.999556
5.815 1.00101	0.999805	1.00239	0.99945
5.825 1.00091	0.999421	1.00234	0.999536
5.835 1.00081	0.999542	1.00212	0.999464
5.845 1.00097	0.999594	1.00243	0.999407
5.855 1.00103	0.99965	1.00246	0.999529
5.865 1.00082	0.999152	1.00229	0.999521
5.875 1.00096	0.999396	1.00246	0.999523
5.885 1.00103	0.999446	1.0025	0.999671
5.895 1.00113	0.999927	1.00255	0.999512
5.905 1.00091	0.999401	1.00235	0.999546
5.915 1.0009	0.99956	1.00235	0.999346
5.925 1.00106	0.999435	1.00253	0.999727
5.935 1.00096	0.999523	1.00244	0.999431
5.945 1.00098	0.999496	1.00245	0.999528
5.955 1.00101	0.999691	1.00237	0.999616
5.965 1.00095	0.999554	1.00239	0.999455
5.975 1.00105	0.999482	1.0026	0.999499
5.985 1.00094	0.999472	1.00241	0.999461
5.995 1.00093	0.999582	1.00237	0.999381
6.005 1.00088	0.999374	1.0023	0.99954
6.015 1.00102	0.999628	1.00251	0.999449
6.025 1.0011	0.999691	1.00252	0.999651
6.035 1.00096	0.999633	1.00234	0.999545
6.045 1.00109	0.999625	1.0025	0.999727
6.055 1.00095	0.999554	1.00236	0.999515
6.065 1.00093	0.99958	1.00238	0.99939
6.075 1.00098	0.999394	1.00251	0.999509
6.085 1.00095	0.999485	1.00243	0.999449
6.095 1.00087	0.999258	1.0023	0.999608
6.105 1.00098	0.999669	1.0025	0.999241
6.115 1.0009	0.99966	1.0023	0.999322
6.125 1.00087	0.999652	1.00225	0.999339
6.135 1.00113	0.999572	1.00263	0.999678
6.145 1.00097	0.999708	1.00238	0.999421
6.155 1.00096	0.999552	1.00243	0.999409
6.165 1.00102	0.99946	1.0025	0.99961
6.175 1.00086	0.999269	1.00238	0.999377
6.185 1.00091	0.999353	1.00241	0.999467
6.195 1.00089	0.999325	1.00238	0.999478
6.205 1.00095	0.99959	1.00243	0.999325
6.215 1.00103	0.999574	1.00262	0.999307
6.225 1.00096	0.999468	1.00244	0.999465
6.235 1.00101	0.999559	1.00246	0.999563
6.245 1.00088	0.999388	1.0024	0.999318
6.255 1.00089	0.999364	1.00235	0.999506
6.265 1.00099	0.999611	1.00244	0.999459
6.275 1.00097	0.999665	1.00233	0.999558
6.285 1.00097	0.999557	1.00231	0.999688
6.295 1.00096	0.999423	1.00251	0.999374
6.305 1.00084	0.999301	1.00227	0.99953
6.315 1.00092	0.999496	1.00233	0.999528
6.325 1.00086	0.999324	1.00242	0.999275
6.335 1.00102	0.999605	1.00239	0.999662
6.345 1.00107	0.999536	1.00259	0.999556
6.355 1.00085	0.999424	1.0023	0.999369
6.365 1.00094	0.999669	1.00232	0.999445
6.375 1.00099	0.999596	1.00241	0.999529
6.385 1.00096	0.999529	1.00247	0.999351
6.395 1.00089	0.999243	1.00245	0.999392
6.405 1.00096	0.999503	1.00241	0.999507
6.415 1.00098	0.999459	1.00247	0.999503
6.425 1.00104	0.999407	1.00253	0.999691
6.435 1.00099	0.999536	1.00247	0.999485
6.445 1.00101	0.999481	1.00244	0.99968
6.455 1.00106	0.999492	1.00256	0.999612
6.465 1.00091	0.999436	1.0024	0.999407
6.475 1.001	0.99956	1.00257	0.999308
6.485 1.00096	0.999496	1.00243	0.999499
6.495 1.00099	0.999586	1.00238	0.999598
6.505 1.00096	0.999503	1.0024	0.999544
6.515 1.00094	0.999463	1.00246	0.999366
6.525 1.00102	0.999541	1.00247	0.999592
6.535 1.00108	0.999533	1.00248	0.999822
6.545 1.00091	0.99939	1.00244	0.999387
6.555 1.00104	0.999445	1.00251	0.999684
6.565 1.00105	0.999468	1.00257	0.999582
6.575 1.0009	0.999327	1.0024	0.999464
6.585 1.00098	0.999473	1.00238	0.999674
6.595 1.00103	0.999516	1.00248	0.999616
6.605 1.00098	0.999533	1.00242	0.999557
6.615 1.00094	0.999426	1.00241	0.999509
6.625 1.00103	0.999418	1.00255	0.99959
6.635 1.00096	0.999523	1.00237	0.999558
6.645 1.00083	0.999389	1.00225	0.999412
6.655 1.00093	0.999452	1.00241	0.999451
6.665 1.00087	0.999405	1.0023	0.99946
6.675 1.00087	0.999228	1.00242	0.999391
6.685 1.00091	0.999431	1.00234	0.999526
6.695 1.0009	0.999299	1.00237	0.999543
6.705 1.001	0.999504	1.00249	0.999497
6.715 1.00107	0.999631	1.00245	0.999757
6.725 1.00089	0.999486	1.00236	0.999334
6.735 1.00091	0.999567	1.0023	0.999463
6.745 1.00101	0.999546	1.00241	0.999639
6.755 1.00087	0.999353	1.00238	0.999347
6.765 1.00087	0.999409	1.00225	0.999547
6.775 1.00092	0.999522	1.0024	0.999355
6.785 1.00091	0.999256	1.00239	0.999579
6.795 1.00091	0.999391	1.00234	0.999563
6.805 1.001	0.999711	1.00244	0.999405
6.815 1.00094	0.999508	1.00242	0.999419
6.825 1.001	0.999537	1.00244	0.999571
6.835 1.00097	0.999417	1.00254	0.999389
6.845 1.00097	0.999495	1.00242	0.999528
6.855 1.00097	0.999517	1.00239	0.999567
6.865 1.00103	0.999534	1.00244	0.999682
6.875 1.00083	0.999515	1.00219	0.999432
6.885 1.00091	0.999441	1.00235	0.999519
6.895 1.00096	0.999432	1.00244	0.999527
6.905 1.00098	0.999295	1.00253	0.999565
6.915 1.00094	0.999384	1.00247	0.999441
6.925 1.00105	0.999647	1.00241	0.999713
