# density = 0.2, beta = 1
# Number of particles: {840, 240, 120}
# Hard core distances:  {{1, 1.25, 1.5}
                         {1.25, 1.5, 1.75}
                         {1.5, 1.75, 2}}
# Well range distances: {{1.1, 1.35, 1.6}
                         {1.35, 1.6, 1.85}
                         {1.6, 1.85, 2.1}}
# Well depth values:  {{1, 0.9, 0.8}
                         {0.9, 0.7, 0.6}
                         {0.8, 0.6, 0.5}}
# Sample information: init cycles = 1000000, sample cycles = 1000000

 r g(r) g11 g12 g13 g21 g22 g23 g31 g32 g33
0.0100	0.000000000	0.000000000	0.000000000	0.000000000	0.000000000	0.000000000	0.000000000	0.000000000	0.000000000	0.000000000
0.0300	0.000000000	0.000000000	0.000000000	0.000000000	0.000000000	0.000000000	0.000000000	0.000000000	0.000000000	0.000000000
0.0500	0.000000000	0.000000000	0.000000000	0.000000000	0.000000000	0.000000000	0.000000000	0.000000000	0.000000000	0.000000000
0.0700	0.000000000	0.000000000	0.000000000	0.000000000	0.000000000	0.000000000	0.000000000	0.000000000	0.000000000	0.000000000
0.0900	0.000000000	0.000000000	0.000000000	0.000000000	0.000000000	0.000000000	0.000000000	0.000000000	0.000000000	0.000000000
0.1100	0.000000000	0.000000000	0.000000000	0.000000000	0.000000000	0.000000000	0.000000000	0.000000000	0.000000000	0.000000000
0.1300	0.000000000	0.000000000	0.000000000	0.000000000	0.000000000	0.000000000	0.000000000	0.000000000	0.000000000	0.000000000
0.1500	0.000000000	0.000000000	0.000000000	0.000000000	0.000000000	0.000000000	0.000000000	0.000000000	0.000000000	0.000000000
0.1700	0.000000000	0.000000000	0.000000000	0.000000000	0.000000000	0.000000000	0.000000000	0.000000000	0.000000000	0.000000000
0.1900	0.000000000	0.000000000	0.000000000	0.000000000	0.000000000	0.000000000	0.000000000	0.000000000	0.000000000	0.000000000
0.2100	0.000000000	0.000000000	0.000000000	0.000000000	0.000000000	0.000000000	0.000000000	0.000000000	0.000000000	0.000000000
0.2300	0.000000000	0.000000000	0.000000000	0.000000000	0.000000000	0.000000000	0.000000000	0.000000000	0.000000000	0.000000000
0.2500	0.000000000	0.000000000	0.000000000	0.000000000	0.000000000	0.000000000	0.000000000	0.000000000	0.000000000	0.000000000
0.2700	0.000000000	0.000000000	0.000000000	0.000000000	0.000000000	0.000000000	0.000000000	0.000000000	0.000000000	0.000000000
0.2900	0.000000000	0.000000000	0.000000000	0.000000000	0.000000000	0.000000000	0.000000000	0.000000000	0.000000000	0.000000000
0.3100	0.000000000	0.000000000	0.000000000	0.000000000	0.000000000	0.000000000	0.000000000	0.000000000	0.000000000	0.000000000
0.3300	0.000000000	0.000000000	0.000000000	0.000000000	0.000000000	0.000000000	0.000000000	0.000000000	0.000000000	0.000000000
0.3500	0.000000000	0.000000000	0.000000000	0.000000000	0.000000000	0.000000000	0.000000000	0.000000000	0.000000000	0.000000000
0.3700	0.000000000	0.000000000	0.000000000	0.000000000	0.000000000	0.000000000	0.000000000	0.000000000	0.000000000	0.000000000
0.3900	0.000000000	0.000000000	0.000000000	0.000000000	0.000000000	0.000000000	0.000000000	0.000000000	0.000000000	0.000000000
0.4100	0.000000000	0.000000000	0.000000000	0.000000000	0.000000000	0.000000000	0.000000000	0.000000000	0.000000000	0.000000000
0.4300	0.000000000	0.000000000	0.000000000	0.000000000	0.000000000	0.000000000	0.000000000	0.000000000	0.000000000	0.000000000
0.4500	0.000000000	0.000000000	0.000000000	0.000000000	0.000000000	0.000000000	0.000000000	0.000000000	0.000000000	0.000000000
0.4700	0.000000000	0.000000000	0.000000000	0.000000000	0.000000000	0.000000000	0.000000000	0.000000000	0.000000000	0.000000000
0.4900	0.000000000	0.000000000	0.000000000	0.000000000	0.000000000	0.000000000	0.000000000	0.000000000	0.000000000	0.000000000
0.5100	0.000000000	0.000000000	0.000000000	0.000000000	0.000000000	0.000000000	0.000000000	0.000000000	0.000000000	0.000000000
0.5300	0.000000000	0.000000000	0.000000000	0.000000000	0.000000000	0.000000000	0.000000000	0.000000000	0.000000000	0.000000000
0.5500	0.000000000	0.000000000	0.000000000	0.000000000	0.000000000	0.000000000	0.000000000	0.000000000	0.000000000	0.000000000
0.5700	0.000000000	0.000000000	0.000000000	0.000000000	0.000000000	0.000000000	0.000000000	0.000000000	0.000000000	0.000000000
0.5900	0.000000000	0.000000000	0.000000000	0.000000000	0.000000000	0.000000000	0.000000000	0.000000000	0.000000000	0.000000000
0.6100	0.000000000	0.000000000	0.000000000	0.000000000	0.000000000	0.000000000	0.000000000	0.000000000	0.000000000	0.000000000
0.6300	0.000000000	0.000000000	0.000000000	0.000000000	0.000000000	0.000000000	0.000000000	0.000000000	0.000000000	0.000000000
0.6500	0.000000000	0.000000000	0.000000000	0.000000000	0.000000000	0.000000000	0.000000000	0.000000000	0.000000000	0.000000000
0.6700	0.000000000	0.000000000	0.000000000	0.000000000	0.000000000	0.000000000	0.000000000	0.000000000	0.000000000	0.000000000
0.6900	0.000000000	0.000000000	0.000000000	0.000000000	0.000000000	0.000000000	0.000000000	0.000000000	0.000000000	0.000000000
0.7100	0.000000000	0.000000000	0.000000000	0.000000000	0.000000000	0.000000000	0.000000000	0.000000000	0.000000000	0.000000000
0.7300	0.000000000	0.000000000	0.000000000	0.000000000	0.000000000	0.000000000	0.000000000	0.000000000	0.000000000	0.000000000
0.7500	0.000000000	0.000000000	0.000000000	0.000000000	0.000000000	0.000000000	0.000000000	0.000000000	0.000000000	0.000000000
0.7700	0.000000000	0.000000000	0.000000000	0.000000000	0.000000000	0.000000000	0.000000000	0.000000000	0.000000000	0.000000000
0.7900	0.000000000	0.000000000	0.000000000	0.000000000	0.000000000	0.000000000	0.000000000	0.000000000	0.000000000	0.000000000
0.8100	0.000000000	0.000000000	0.000000000	0.000000000	0.000000000	0.000000000	0.000000000	0.000000000	0.000000000	0.000000000
0.8300	0.000000000	0.000000000	0.000000000	0.000000000	0.000000000	0.000000000	0.000000000	0.000000000	0.000000000	0.000000000
0.8500	0.000000000	0.000000000	0.000000000	0.000000000	0.000000000	0.000000000	0.000000000	0.000000000	0.000000000	0.000000000
0.8700	0.000000000	0.000000000	0.000000000	0.000000000	0.000000000	0.000000000	0.000000000	0.000000000	0.000000000	0.000000000
0.8900	0.000000000	0.000000000	0.000000000	0.000000000	0.000000000	0.000000000	0.000000000	0.000000000	0.000000000	0.000000000
0.9100	0.000000000	0.000000000	0.000000000	0.000000000	0.000000000	0.000000000	0.000000000	0.000000000	0.000000000	0.000000000
0.9300	0.000000000	0.000000000	0.000000000	0.000000000	0.000000000	0.000000000	0.000000000	0.000000000	0.000000000	0.000000000
0.9500	0.000000000	0.000000000	0.000000000	0.000000000	0.000000000	0.000000000	0.000000000	0.000000000	0.000000000	0.000000000
0.9700	0.000000000	0.000000000	0.000000000	0.000000000	0.000000000	0.000000000	0.000000000	0.000000000	0.000000000	0.000000000
0.9900	0.000000000	0.000000000	0.000000000	0.000000000	0.000000000	0.000000000	0.000000000	0.000000000	0.000000000	0.000000000
1.0100	1.744853882	3.562199566	0.000000000	0.000000000	0.000000000	0.000000000	0.000000000	0.000000000	0.000000000	0.000000000
1.0300	1.719556623	3.510554045	0.000000000	0.000000000	0.000000000	0.000000000	0.000000000	0.000000000	0.000000000	0.000000000
1.0500	1.697799752	3.466136391	0.000000000	0.000000000	0.000000000	0.000000000	0.000000000	0.000000000	0.000000000	0.000000000
1.0700	1.676539411	3.422732426	0.000000000	0.000000000	0.000000000	0.000000000	0.000000000	0.000000000	0.000000000	0.000000000
1.0900	1.654607732	3.377957893	0.000000000	0.000000000	0.000000000	0.000000000	0.000000000	0.000000000	0.000000000	0.000000000
1.1100	0.601426329	1.227839552	0.000000000	0.000000000	0.000000000	0.000000000	0.000000000	0.000000000	0.000000000	0.000000000
1.1300	0.594117085	1.212917392	0.000000000	0.000000000	0.000000000	0.000000000	0.000000000	0.000000000	0.000000000	0.000000000
1.1500	0.587416338	1.199237509	0.000000000	0.000000000	0.000000000	0.000000000	0.000000000	0.000000000	0.000000000	0.000000000
1.1700	0.580769522	1.185667729	0.000000000	0.000000000	0.000000000	0.000000000	0.000000000	0.000000000	0.000000000	0.000000000
1.1900	0.574335644	1.172532671	0.000000000	0.000000000	0.000000000	0.000000000	0.000000000	0.000000000	0.000000000	0.000000000
1.2100	0.568051349	1.159702992	0.000000000	0.000000000	0.000000000	0.000000000	0.000000000	0.000000000	0.000000000	0.000000000
1.2300	0.561904340	1.147153590	0.000000000	0.000000000	0.000000000	0.000000000	0.000000000	0.000000000	0.000000000	0.000000000
1.2500	1.036389783	1.136239835	1.712255043	0.000000000	1.712255043	0.000000000	0.000000000	0.000000000	0.000000000	0.000000000
1.2700	1.491422795	1.125490148	3.354808235	0.000000000	3.354808235	0.000000000	0.000000000	0.000000000	0.000000000	0.000000000
1.2900	1.472895066	1.115302790	3.306499570	0.000000000	3.306499570	0.000000000	0.000000000	0.000000000	0.000000000	0.000000000
1.3100	1.453537484	1.104307695	3.256641471	0.000000000	3.256641471	0.000000000	0.000000000	0.000000000	0.000000000	0.000000000
1.3300	1.436332943	1.094818951	3.211833420	0.000000000	3.211833420	0.000000000	0.000000000	0.000000000	0.000000000	0.000000000
1.3500	1.154844768	1.085564847	2.223531674	0.000000000	2.223531674	0.000000000	0.000000000	0.000000000	0.000000000	0.000000000
1.3700	0.883180176	1.076708062	1.269590436	0.000000000	1.269590436	0.000000000	0.000000000	0.000000000	0.000000000	0.000000000
1.3900	0.874096587	1.068124212	1.252179935	0.000000000	1.252179935	0.000000000	0.000000000	0.000000000	0.000000000	0.000000000
1.4100	0.865809370	1.060300145	1.236283212	0.000000000	1.236283212	0.000000000	0.000000000	0.000000000	0.000000000	0.000000000
1.4300	0.858142885	1.053540394	1.220741208	0.000000000	1.220741208	0.000000000	0.000000000	0.000000000	0.000000000	0.000000000
1.4500	0.849777634	1.045085745	1.205668231	0.000000000	1.205668231	0.000000000	0.000000000	0.000000000	0.000000000	0.000000000
1.4700	0.842508831	1.038928047	1.190492997	0.000000000	1.190492997	0.000000000	0.000000000	0.000000000	0.000000000	0.000000000
1.4900	0.835757778	1.033019193	1.176730367	0.000000000	1.176730367	0.000000000	0.000000000	0.000000000	0.000000000	0.000000000
1.5100	1.391266901	1.026497965	1.163084685	3.157600099	1.163084685	3.012416077	0.000000000	3.157600099	0.000000000	0.000000000
1.5300	1.375303784	1.021162747	1.149893905	3.103967722	1.149893905	2.958774606	0.000000000	3.103967722	0.000000000	0.000000000
1.5500	1.360720227	1.016004413	1.138245232	3.056723617	1.138245232	2.904271845	0.000000000	3.056723617	0.000000000	0.000000000
1.5700	1.346362860	1.010906682	1.126793868	3.009903165	1.126793868	2.851822239	0.000000000	3.009903165	0.000000000	0.000000000
1.5900	1.332697067	1.007429032	1.114862884	2.962592846	1.114862884	2.801907648	0.000000000	2.962592846	0.000000000	0.000000000
1.6100	1.039043701	1.003234760	1.104071989	1.311178337	1.104071989	1.367520363	0.000000000	1.311178337	0.000000000	0.000000000
1.6300	1.030755368	0.999489174	1.093512729	1.292635177	1.093512729	1.345035725	0.000000000	1.292635177	0.000000000	0.000000000
1.6500	1.023301265	0.996635496	1.083832614	1.275065830	1.083832614	1.322915736	0.000000000	1.275065830	0.000000000	0.000000000
1.6700	1.016546052	0.994449054	1.075541005	1.256700965	1.075541005	1.303164163	0.000000000	1.256700965	0.000000000	0.000000000
1.6900	1.009369908	0.991906043	1.065669165	1.239925779	1.065669165	1.282755877	0.000000000	1.239925779	0.000000000	0.000000000
1.7100	1.002845998	0.989654844	1.057852610	1.222406980	1.057852610	1.263288958	0.000000000	1.222406980	0.000000000	0.000000000
1.7300	0.997262164	0.988629474	1.049828941	1.207977661	1.049828941	1.242938767	0.000000000	1.207977661	0.000000000	0.000000000
1.7500	1.050368217	0.987648758	1.041858369	1.193072015	1.041858369	1.228135493	1.461249777	1.193072015	1.461249777	0.000000000
1.7700	1.101565175	0.987049286	1.035496510	1.178192832	1.035496510	1.209058645	2.863049425	1.178192832	2.863049425	0.000000000
1.7900	1.094415856	0.986764386	1.029103818	1.164142190	1.029103818	1.192838748	2.798029664	1.164142190	2.798029664	0.000000000
1.8100	1.088031343	0.986486334	1.023043675	1.149833554	1.023043675	1.177833594	2.749395812	1.149833554	2.749395812	0.000000000
1.8300	1.082565056	0.987324880	1.017720999	1.138206858	1.017720999	1.162979122	2.695337299	1.138206858	2.695337299	0.000000000
1.8500	1.052933271	0.987830621	1.012606751	1.125661075	1.012606751	1.148721697	2.042880039	1.125661075	2.042880039	0.000000000
1.8700	1.025033228	0.989080574	1.007786775	1.113887827	1.007786775	1.135425931	1.418853079	1.113887827	1.418853079	0.000000000
1.8900	1.021578072	0.990399704	1.004208556	1.102581150	1.004208556	1.122667593	1.393732148	1.102581150	1.393732148	0.000000000
1.9100	1.018654385	0.992848196	1.000146473	1.091851936	1.000146473	1.110926330	1.368421727	1.091851936	1.368421727	0.000000000
1.9300	1.016251466	0.995256452	0.997219922	1.082004477	0.997219922	1.099567331	1.345196447	1.082004477	1.345196447	0.000000000
1.9500	1.013814242	0.997826594	0.994296855	1.071282607	0.994296855	1.088026461	1.322350648	1.071282607	1.322350648	0.000000000
1.9700	1.012088336	1.000615158	0.992004051	1.062848883	0.992004051	1.078299315	1.300374003	1.062848883	1.300374003	0.000000000
1.9900	1.010731583	1.004181051	0.989921605	1.054566406	0.989921605	1.066906023	1.277764859	1.054566406	1.277764859	0.000000000
2.0100	1.037693054	1.007680420	0.988593293	1.045389382	0.988593293	1.059391018	1.258242362	1.045389382	1.258242362	2.819829718
2.0300	1.035275576	1.009043057	0.987161821	1.039342019	0.987161821	1.051009982	1.236918701	1.039342019	1.236918701	2.754472469
2.0500	1.032587085	1.009202615	0.986665215	1.031942619	0.986665215	1.043865508	1.218362966	1.031942619	1.218362966	2.697743957
2.0700	1.029188229	1.007414126	0.986743472	1.024976389	0.986743472	1.036104519	1.201647608	1.024976389	1.201647608	2.638289816
2.0900	1.025210287	1.003903836	0.987457274	1.018699107	0.987457274	1.030407930	1.185284574	1.018699107	1.185284574	2.568080612
2.1100	1.010681944	0.998318812	0.988612638	1.013457325	0.988612638	1.021585623	1.168436261	1.013457325	1.168436261	1.524672499
2.1300	1.006923222	0.994061361	0.989393200	1.008229983	0.989393200	1.016606912	1.152383686	1.008229983	1.152383686	1.492582049
2.1500	1.003886382	0.990551273	0.990766679	1.003571936	0.990766679	1.012427400	1.137984426	1.003571936	1.137984426	1.461683861
2.1700	1.002136226	0.988741866	0.993133385	0.999629137	0.993133385	1.006907012	1.126332971	0.999629137	1.126332971	1.432654339
2.1900	1.000293248	0.986861281	0.995654509	0.995716433	0.995654509	1.004029819	1.110353958	0.995716433	1.110353958	1.399838937
2.2100	0.999544444	0.986626480	0.997798655	0.993130354	0.997798655	0.999249546	1.099104118	0.993130354	1.099104118	1.376527972
2.2300	0.999192424	0.986051193	1.001766018	0.990742011	1.001766018	0.996129906	1.087870730	0.990742011	1.087870730	1.348992088
2.2500	0.998880596	0.985961795	1.005198388	0.987726570	1.005198388	0.992784224	1.077333347	0.987726570	1.077333347	1.323585149
2.2700	0.998860977	0.986088213	1.007623367	0.986834487	1.007623367	0.991173526	1.068557517	0.986834487	1.068557517	1.301361624
2.2900	0.998640953	0.986430985	1.009314886	0.985689073	1.009314886	0.990239303	1.058115063	0.985689073	1.058115063	1.276559477
2.3100	0.997805706	0.987021955	1.008090891	0.984816908	1.008090891	0.989144551	1.048141540	0.984816908	1.048141540	1.254736480
2.3300	0.996555919	0.987283223	1.004957007	0.984773662	1.004957007	0.988626521	1.041182825	0.984773662	1.041182825	1.235164501
2.3500	0.995048693	0.987690537	1.000408684	0.985296835	1.000408684	0.989050067	1.032421701	0.985296835	1.032421701	1.217874795
2.3700	0.993546659	0.988356591	0.995367460	0.985724105	0.995367460	0.989377108	1.025750511	0.985724105	1.025750511	1.195567413
2.3900	0.992739221	0.989251553	0.991582793	0.987027070	0.991582793	0.991186264	1.019021846	0.987027070	1.019021846	1.178384114
2.4100	0.992112176	0.990053011	0.988591746	0.988683167	0.988591746	0.992005512	1.012643923	0.988683167	1.012643923	1.159159283
2.4300	0.992467039	0.991245112	0.987006683	0.991844103	0.987006683	0.993703103	1.008499737	0.991844103	1.008499737	1.146107119
2.4500	0.992647430	0.992307770	0.985339377	0.994612888	0.985339377	0.996397978	1.003666115	0.994612888	1.003666115	1.128497694
2.4700	0.993548023	0.993832549	0.984908951	0.997105974	0.984908951	1.000563225	1.000683889	0.997105974	1.000683889	1.116240621
2.4900	0.994437877	0.995452580	0.984403398	1.000264212	0.984403398	1.002370361	0.996468874	1.000264212	0.996468874	1.105376122
2.5100	0.995804511	0.997268303	0.984603890	1.003677888	0.984603890	1.008547530	0.992483878	1.003677888	0.992483878	1.090869198
2.5300	0.996325147	0.997951301	0.984612541	1.006191915	0.984612541	1.009818752	0.990203446	1.006191915	0.990203446	1.077974387
2.5500	0.996242680	0.998242712	0.984653198	1.006254453	0.984653198	1.008845595	0.988069253	1.006254453	0.988069253	1.065769965
2.5700	0.995812550	0.997941129	0.985086604	1.004807926	0.985086604	1.007361135	0.986689658	1.004807926	0.986689658	1.057027432
2.5900	0.994849011	0.997315375	0.985538556	1.000681834	0.985538556	1.003885867	0.987904308	1.000681834	0.987904308	1.045377347
2.6100	0.993559284	0.996499955	0.985910773	0.996425491	0.985910773	0.997203775	0.986952602	0.996425491	0.986952602	1.035931980
2.6300	0.992424204	0.995306779	0.986967115	0.991869364	0.986967115	0.992560495	0.987979617	0.991869364	0.987979617	1.029456565
2.6500	0.991745957	0.994875764	0.987784622	0.988264736	0.987784622	0.988360850	0.989001299	0.988264736	0.989001299	1.022945042
2.6700	0.991536355	0.994771245	0.988770818	0.985823126	0.988770818	0.986000080	0.991403914	0.985823126	0.991403914	1.013400438
2.6900	0.991668529	0.994741467	0.989722965	0.984692613	0.989722965	0.986400373	0.993613172	0.984692613	0.993613172	1.006744350
2.7100	0.991997665	0.994749347	0.991285503	0.983716992	0.991285503	0.984504863	0.996862472	0.983716992	0.996862472	1.003680155
2.7300	0.992439439	0.995049226	0.992373639	0.983653592	0.992373639	0.983749517	0.999298638	0.983653592	0.999298638	0.996770566
2.7500	0.993301224	0.995381152	0.994325927	0.983741293	0.994325927	0.982642800	1.004027712	0.983741293	1.004027712	0.996227959
2.7700	0.993845905	0.995782376	0.995457604	0.983400089	0.995457604	0.982854191	1.007278989	0.983400089	1.007278989	0.990206635
2.7900	0.994268365	0.996333108	0.996020067	0.983396961	0.996020067	0.982668223	1.008246133	0.983396961	1.008246133	0.986600674
2.8100	0.994351086	0.996598706	0.996074084	0.983268732	0.996074084	0.982712009	1.006979158	0.983268732	1.006979158	0.987046952
2.8300	0.994859117	0.997477248	0.996241484	0.983595091	0.996241484	0.985150925	1.004770611	0.983595091	1.004770611	0.984653443
2.8500	0.994920806	0.998086970	0.995940717	0.984502297	0.995940717	0.984277966	0.999058316	0.984502297	0.999058316	0.983009733
2.8700	0.994800128	0.998561295	0.994875890	0.985002823	0.994875890	0.983581468	0.995920793	0.985002823	0.995920793	0.985894089
2.8900	0.994979743	0.999310074	0.994313363	0.985843530	0.994313363	0.985170427	0.990656573	0.985843530	0.990656573	0.985902509
2.9100	0.995236524	1.000076746	0.993803893	0.986664053	0.993803893	0.986009554	0.987295615	0.986664053	0.987295615	0.986924701
2.9300	0.995787798	1.000672410	0.993591537	0.988697235	0.993591537	0.986972179	0.986053115	0.988697235	0.986053115	0.991508496
2.9500	0.996160380	1.001372632	0.993901297	0.989509645	0.993901297	0.986432938	0.982720382	0.989509645	0.982720382	0.989884021
2.9700	0.997179806	1.002675078	0.993940041	0.990721953	0.993940041	0.990430445	0.982636626	0.990721953	0.982636626	0.994389883
2.9900	0.997794359	1.003115518	0.994424100	0.992607947	0.994424100	0.990264529	0.982213576	0.992607947	0.982213576	0.996652462
3.0100	0.998717572	1.004094893	0.995214988	0.993394031	0.995214988	0.991815939	0.982517811	0.993394031	0.982517811	1.000449407
3.0300	0.999264175	1.004336904	0.995348775	0.995704499	0.995348775	0.993521298	0.981381982	0.995704499	0.981381982	1.004914704
3.0500	0.999944156	1.005212575	0.996043522	0.995960843	0.996043522	0.994146491	0.981909893	0.995960843	0.981909893	1.002334075
3.0700	0.999944519	1.004987399	0.996416652	0.996304326	0.996416652	0.994346012	0.980491710	0.996304326	0.980491710	1.003018127
3.0900	0.999647106	1.004319139	0.996811184	0.995798908	0.996811184	0.993233003	0.982185965	0.995798908	0.982185965	0.999664842
3.1100	0.999546919	1.003686819	0.997843608	0.995237363	0.997843608	0.993907750	0.983237862	0.995237363	0.983237862	0.992600793
3.1300	0.999296549	1.003166266	0.998495204	0.994492119	0.998495204	0.993006313	0.983483527	0.994492119	0.983483527	0.987818315
3.1500	0.999329402	1.002781982	0.999293351	0.994350339	0.999293351	0.992858863	0.984811260	0.994350339	0.984811260	0.984796439
3.1700	0.999264068	1.002560401	0.999889570	0.993624795	0.999889570	0.992901222	0.984982153	0.993624795	0.984982153	0.981698410
3.1900	0.999376356	1.002213863	1.000727188	0.993790001	1.000727188	0.992484592	0.986372651	0.993790001	0.986372651	0.980196941
3.2100	1.000036335	1.002517574	1.001982258	0.994239507	1.001982258	0.992420491	0.988588769	0.994239507	0.988588769	0.981240149
3.2300	1.000194132	1.002052205	1.002891470	0.994691289	1.002891470	0.993538016	0.989888661	0.994691289	0.989888661	0.978324448
3.2500	1.000486476	1.002102714	1.003649205	0.994769293	1.003649205	0.993889083	0.990533370	0.994769293	0.990533370	0.978780422
3.2700	1.000796716	1.001677706	1.004842655	0.995211874	1.004842655	0.995138347	0.992505389	0.995211874	0.992505389	0.978096434
3.2900	1.001074679	1.001882788	1.005216670	0.995280133	1.005216670	0.995601822	0.993562009	0.995280133	0.993562009	0.978333743
3.3100	1.001172423	1.001833957	1.005453393	0.996014998	1.005453393	0.994775807	0.992462692	0.996014998	0.992462692	0.981285699
3.3300	1.001102354	1.001625908	1.004990013	0.996764493	1.004990013	0.996049737	0.993568617	0.996764493	0.993568617	0.977418193
3.3500	1.001085348	1.001571193	1.004513085	0.997526609	1.004513085	0.996879007	0.993287738	0.997526609	0.993287738	0.978913908
3.3700	1.001103019	1.001463932	1.004249766	0.998103273	1.004249766	0.997142364	0.994128132	0.998103273	0.994128132	0.980834131
3.3900	1.001134261	1.001555817	1.003813469	0.998995067	1.003813469	0.998675558	0.991981984	0.998995067	0.991981984	0.981674214
3.4100	1.001161110	1.001529281	1.003369603	0.999680584	1.003369603	0.999504546	0.993028470	0.999680584	0.993028470	0.980992901
3.4300	1.001315682	1.001512911	1.003067228	1.001021212	1.003067228	1.000252644	0.993047909	1.001021212	0.993047909	0.983902699
3.4500	1.001405930	1.001210020	1.003137725	1.002157893	1.003137725	1.001437629	0.992751876	1.002157893	0.992751876	0.986340782
3.4700	1.001524332	1.001181677	1.002878660	1.003201032	1.002878660	1.001905425	0.993828670	1.003201032	0.993828670	0.986034987
3.4900	1.001539941	1.001072264	1.002627073	1.003696526	1.002627073	1.003289131	0.993716201	1.003696526	0.993716201	0.988011612
3.5100	1.001713631	1.001079946	1.002303703	1.004989158	1.002303703	1.003838327	0.994385076	1.004989158	0.994385076	0.991110322
3.5300	1.001758414	1.000989324	1.002248091	1.005307288	1.002248091	1.004118046	0.995454000	1.005307288	0.995454000	0.991738725
3.5500	1.001856230	1.000884696	1.002175582	1.006065376	1.002175582	1.005199554	0.995698771	1.006065376	0.995698771	0.992771365
3.5700	1.001851376	1.000761223	1.002115528	1.006008486	1.002115528	1.005063768	0.996595387	1.006008486	0.996595387	0.997803679
3.5900	1.001920788	1.000849636	1.002163710	1.005848200	1.002163710	1.005497678	0.997998585	1.005848200	0.997998585	0.993933440
3.6100	1.001672312	1.000627501	1.001865025	1.005468212	1.001865025	1.005447298	0.998371904	1.005468212	0.998371904	0.992355515
3.6300	1.001412956	1.000210516	1.001890918	1.004979431	1.001890918	1.004657070	0.998806332	1.004979431	0.998806332	0.994394446
3.6500	1.001427945	1.000433249	1.001850183	1.004032968	1.001850183	1.004473725	1.000600950	1.004032968	1.000600950	0.992921765
3.6700	1.001347474	1.000467788	1.001564285	1.003653018	1.001564285	1.004975878	1.000779124	1.003653018	1.000779124	0.993809901
3.6900	1.001396761	1.000340393	1.001785842	1.003789472	1.001785842	1.004003618	1.002463195	1.003789472	1.002463195	0.993993580
3.7100	1.001524476	1.000577872	1.001627746	1.003794745	1.001627746	1.004388191	1.003485211	1.003794745	1.003485211	0.993863638
3.7300	1.001309771	1.000302185	1.001484439	1.003383721	1.001484439	1.003720522	1.004213772	1.003383721	1.004213772	0.995428868
3.7500	1.001407586	1.000365349	1.001584945	1.003400924	1.001584945	1.003419830	1.005579750	1.003400924	1.005579750	0.994784335
3.7700	1.001239017	1.000118749	1.001156509	1.003499627	1.001156509	1.003966244	1.006525234	1.003499627	1.006525234	0.994665306
3.7900	1.001046979	0.999999486	1.001099557	1.002927192	1.001099557	1.003058759	1.006244620	1.002927192	1.006244620	0.995668887
3.8100	1.001240844	1.000277191	1.000924583	1.003301170	1.000924583	1.002781563	1.007936072	1.003301170	1.007936072	0.995447946
3.8300	1.001227597	1.000146753	1.001173087	1.003069573	1.001173087	1.002455551	1.007838285	1.003069573	1.007838285	0.998507693
3.8500	1.001240229	1.000317420	1.000951690	1.002872112	1.000951690	1.003638250	1.007020170	1.002872112	1.007020170	0.998945743
3.8700	1.001053313	1.000184143	1.000763776	1.002787485	1.000763776	1.002430327	1.006874586	1.002787485	1.006874586	0.998630245
3.8900	1.001104978	1.000356100	1.000580115	1.002877720	1.000580115	1.002083283	1.006307947	1.002877720	1.006307947	1.002940598
3.9100	1.001000827	1.000097975	1.000610308	1.002961926	1.000610308	1.003234398	1.005418345	1.002961926	1.005418345	1.002109165
3.9300	1.000984157	1.000292397	1.000238324	1.002821515	1.000238324	1.003178661	1.005737200	1.002821515	1.005737200	1.002257329
3.9500	1.001001423	1.000317336	1.000321338	1.002737647	1.000321338	1.002690837	1.006006774	1.002737647	1.006006774	1.002478410
3.9700	1.001008623	1.000243631	1.000533678	1.002254301	1.000533678	1.003618406	1.005674217	1.002254301	1.005674217	1.005285158
3.9900	1.000878140	1.000244837	1.000422141	1.002399504	1.000422141	1.002094522	1.004672576	1.002399504	1.004672576	1.003339481
4.0100	1.000749494	1.000119125	1.000186531	1.002268476	1.000186531	1.001718557	1.004603997	1.002268476	1.004603997	1.006870903
4.0300	1.000889427	1.000420499	1.000219939	1.001947202	1.000219939	1.002027652	1.005160091	1.001947202	1.005160091	1.006203986
4.0500	1.000941481	1.000315059	1.000303631	1.002309603	1.000303631	1.002461854	1.004655653	1.002309603	1.004655653	1.009463868
4.0700	1.000886392	1.000120782	1.000541130	1.001933688	1.000541130	1.002028002	1.005834585	1.001933688	1.005834585	1.009090007
4.0900	1.000841649	1.000322342	1.000245194	1.001892093	1.000245194	1.001815071	1.004907616	1.001892093	1.004907616	1.008171671
4.1100	1.000640592	1.000094875	1.000094555	1.001686362	1.000094555	1.001791212	1.004253589	1.001686362	1.004253589	1.009031736
4.1300	1.000601385	1.000044470	1.000296474	1.001282992	1.000296474	1.001668121	1.004466997	1.001282992	1.004466997	1.007196061
4.1500	1.000564345	1.000108040	1.000240948	1.001105416	1.000240948	1.001179455	1.004424424	1.001105416	1.004424424	1.006535985
4.1700	1.000600433	1.000238755	1.000243262	1.000899325	1.000243262	1.001523992	1.003912381	1.000899325	1.003912381	1.007246638
4.1900	1.000541467	1.000127559	1.000057030	1.001308061	1.000057030	1.001063937	1.004267235	1.001308061	1.004267235	1.006697855
4.2100	1.000686062	1.000190886	1.000589003	1.000818764	1.000589003	1.001170278	1.004398502	1.000818764	1.004398502	1.009071984
4.2300	1.000500190	1.000186096	1.000274148	1.000508504	1.000274148	1.000978501	1.003655170	1.000508504	1.003655170	1.007619351
4.2500	1.000545012	1.000240769	1.000148803	1.000762482	1.000148803	1.001457848	1.003619719	1.000762482	1.003619719	1.007608358
4.2700	1.000380257	1.000067056	1.000197701	1.000572190	1.000197701	1.000806342	1.003263113	1.000572190	1.003263113	1.004942734
4.2900	1.000521151	1.000196982	1.000250987	1.000973456	1.000250987	1.000592765	1.003530395	1.000973456	1.003530395	1.005336696
4.3100	1.000358428	1.000229857	0.999916082	1.000279081	0.999916082	1.001177322	1.003127201	1.000279081	1.003127201	1.005856299
4.3300	1.000544376	1.000156957	1.000338374	1.000765451	1.000338374	1.001228520	1.003991510	1.000765451	1.003991510	1.005707636
4.3500	1.000457634	1.000298766	1.000191861	1.000634940	1.000191861	1.000418943	1.002663818	1.000634940	1.002663818	1.004555812
4.3700	1.000362425	1.000114091	1.000046555	1.000496488	1.000046555	1.001263710	1.002810547	1.000496488	1.002810547	1.006149418
4.3900	1.000259312	1.000087654	0.999885401	1.000454296	0.999885401	1.000860788	1.002905332	1.000454296	1.002905332	1.003446914
4.4100	1.000438803	1.000330142	1.000038877	1.000616463	1.000038877	1.001102155	1.001879903	1.000616463	1.001879903	1.006108040
4.4300	1.000408850	1.000260686	0.999980813	1.000701171	0.999980813	1.000799271	1.002192620	1.000701171	1.002192620	1.006916765
4.4500	1.000438751	1.000243269	0.999953554	1.001136916	0.999953554	1.001237175	1.002160875	1.001136916	1.002160875	1.003776060
4.4700	1.000455013	1.000192438	1.000140421	1.000785767	1.000140421	1.000858858	1.002977789	1.000785767	1.002977789	1.005828929
4.4900	1.000388654	1.000247671	1.000000205	1.000807821	1.000000205	1.001139217	1.001476448	1.000807821	1.001476448	1.004994286
4.5100	1.000518488	1.000511070	1.000009022	1.000829047	1.000009022	1.000655722	1.002054313	1.000829047	1.002054313	1.004138964
4.5300	1.000289085	1.000249570	0.999679607	1.000706861	0.999679607	1.000622516	1.002173151	1.000706861	1.002173151	1.004611086
4.5500	1.000371640	1.000270039	1.000073412	1.000623477	1.000073412	1.000736100	1.001756968	1.000623477	1.001756968	1.003199310
4.5700	1.000318706	1.000202177	1.000008097	1.000575999	1.000008097	1.000847354	1.001386942	1.000575999	1.001386942	1.004775189
4.5900	1.000415491	1.000291134	1.000145016	1.000887164	1.000145016	1.000214607	1.001833047	1.000887164	1.001833047	1.002619988
4.6100	1.000361553	1.000182657	1.000306657	1.000416216	1.000306657	1.000619018	1.001845246	1.000416216	1.001845246	1.002950093
4.6300	1.000287464	1.000126168	1.000217014	1.000676168	1.000217014	1.000010588	1.000927883	1.000676168	1.000927883	1.003278422
4.6500	1.000437575	1.000285231	1.000273154	1.000986673	1.000273154	1.000175662	1.001191434	1.000986673	1.001191434	1.002857946
4.6700	1.000426522	1.000354513	1.000271604	1.000530042	1.000271604	1.000632682	1.001623192	1.000530042	1.001623192	1.001238077
4.6900	1.000406874	1.000139871	1.000380414	1.000702020	1.000380414	1.000345527	1.002205418	1.000702020	1.002205418	1.003156417
4.7100	1.000230657	1.000060493	1.000053969	1.000820708	1.000053969	1.000564248	1.000495400	1.000820708	1.000495400	1.002879628
4.7300	1.000481137	1.000260241	1.000377899	1.000927577	1.000377899	1.000460335	1.001479621	1.000927577	1.001479621	1.004051325
4.7500	1.000436020	1.000351612	1.000286117	1.000618319	1.000286117	1.000916006	1.000888395	1.000618319	1.000888395	1.002508018
4.7700	1.000389603	1.000251936	1.000162789	1.000863556	1.000162789	1.000352585	1.001605294	1.000863556	1.001605294	1.002142022
4.7900	1.000549551	1.000332258	1.000483982	1.000884789	1.000483982	1.001061117	1.001773669	1.000884789	1.001773669	1.001399757
4.8100	1.000476893	1.000296329	1.000249622	1.000604304	1.000249622	1.001187365	1.002309334	1.000604304	1.002309334	1.003761377
4.8300	1.000370335	1.000132712	1.000198098	1.000890872	1.000198098	1.000848312	1.001659711	1.000890872	1.001659711	1.002491321
4.8500	1.000556908	1.000377813	1.000239451	1.001212254	1.000239451	1.000457717	1.002202964	1.001212254	1.002202964	1.002866146
4.8700	1.000513571	1.000360307	1.000338969	1.000994137	1.000338969	0.999971922	1.002022467	1.000994137	1.002022467	1.002312420
4.8900	1.000457869	1.000203613	1.000393252	1.000685776	1.000393252	1.000947774	1.002144283	1.000685776	1.002144283	1.002842880
4.9100	1.000439101	1.000225533	1.000401289	1.000667892	1.000401289	1.000516426	1.001872415	1.000667892	1.001872415	1.002724958
4.9300	1.000550782	1.000324441	1.000359727	1.001217870	1.000359727	1.000191349	1.002271126	1.001217870	1.002271126	1.002202712
4.9500	1.000421262	1.000180608	1.000393382	1.000719000	1.000393382	1.000437639	1.001834530	1.000719000	1.001834530	1.003115717
4.9700	1.000388185	1.000203631	1.000297347	1.000633639	1.000297347	1.000432916	1.001929696	1.000633639	1.001929696	1.002198596
4.9900	1.000538361	1.000308694	1.000442741	1.000857414	1.000442741	1.000869421	1.001653022	1.000857414	1.001653022	1.004242789
5.0100	1.000375161	1.000179103	1.000252059	1.000854997	1.000252059	1.000058153	1.001644068	1.000854997	1.001644068	1.002907929
5.0300	1.000451342	1.000226927	1.000430096	1.000756475	1.000430096	1.000580174	1.001555979	1.000756475	1.001555979	1.002845841
5.0500	1.000512119	1.000301827	1.000384652	1.000849059	1.000384652	1.000383137	1.002333150	1.000849059	1.002333150	1.002905752
5.0700	1.000378919	1.000077014	1.000318140	1.000724202	1.000318140	1.000753617	1.002133267	1.000724202	1.002133267	1.003538882
5.0900	1.000524998	1.000252265	1.000493816	1.000888283	1.000493816	1.000700210	1.001989333	1.000888283	1.001989333	1.003126543
5.1100	1.000521432	1.000230092	1.000341189	1.001293392	1.000341189	1.000837540	1.001516796	1.001293392	1.001516796	1.003806218
5.1300	1.000462077	1.000187459	1.000377356	1.000948258	1.000377356	1.000854762	1.001773232	1.000948258	1.001773232	1.002677670
5.1500	1.000517034	1.000193995	1.000472510	1.001130770	1.000472510	1.000664864	1.001759643	1.001130770	1.001759643	1.003446620
5.1700	1.000505312	1.000249601	1.000276882	1.000939881	1.000276882	1.001845983	1.001821816	1.000939881	1.001821816	1.002744626
5.1900	1.000392303	1.000075762	1.000294173	1.001050650	1.000294173	1.000707799	1.001784284	1.001050650	1.001784284	1.002608905
5.2100	1.000469122	1.000277909	1.000407772	1.000651235	1.000407772	1.000552119	1.002076382	1.000651235	1.002076382	1.002250840
5.2300	1.000584737	1.000246348	1.000687234	1.000899152	1.000687234	1.000509048	1.002331841	1.000899152	1.002331841	1.003209268
5.2500	1.000486859	1.000221101	1.000463127	1.000842596	1.000463127	1.000895157	1.001576665	1.000842596	1.001576665	1.003214816
5.2700	1.000457733	1.000255850	1.000430096	1.000606511	1.000430096	1.000750626	1.001605772	1.000606511	1.001605772	1.003293955
5.2900	1.000458265	1.000131024	1.000592050	1.000675151	1.000592050	1.000758285	1.001673374	1.000675151	1.001673374	1.003662833
5.3100	1.000503383	1.000259294	1.000392863	1.000966089	1.000392863	1.000573175	1.002155581	1.000966089	1.002155581	1.002193452
5.3300	1.000456067	1.000141711	1.000353626	1.000879099	1.000353626	1.001000767	1.002142589	1.000879099	1.002142589	1.003899943
5.3500	1.000469070	1.000154978	1.000509023	1.000755856	1.000509023	1.000778810	1.001967345	1.000755856	1.001967345	1.003505973
5.3700	1.000425498	1.000147186	1.000499405	1.000654594	1.000499405	1.000877359	1.001525012	1.000654594	1.001525012	1.002589926
5.3900	1.000561870	1.000273083	1.000484064	1.000916280	1.000484064	1.001035080	1.001944638	1.000916280	1.001944638	1.004529455
5.4100	1.000550677	1.000197412	1.000580287	1.000696019	1.000580287	1.001963943	1.001905214	1.000696019	1.001905214	1.003956906
5.4300	1.000502576	1.000222712	1.000425096	1.001028348	1.000425096	1.000587943	1.001947648	1.001028348	1.001947648	1.002907953
5.4500	1.000393994	1.000173724	1.000328769	1.000702582	1.000328769	1.000645579	1.001411910	1.000702582	1.001411910	1.003633577
5.4700	1.000459177	1.000204425	1.000294446	1.000739924	1.000294446	1.001347696	1.002030859	1.000739924	1.002030859	1.003811107
5.4900	1.000541535	1.000202139	1.000610696	1.000806951	1.000610696	1.001030874	1.002089806	1.000806951	1.002089806	1.003381223
5.5100	1.000441978	1.000150111	1.000397392	1.000850966	1.000397392	1.001284860	1.001347773	1.000850966	1.001347773	1.003292128
5.5300	1.000385387	1.000158233	1.000354855	1.000629243	1.000354855	1.000665402	1.001685005	1.000629243	1.001685005	1.002648557
5.5500	1.000472481	1.000244526	1.000444121	1.000564660	1.000444121	1.001069483	1.001889466	1.000564660	1.001889466	1.003108526
5.5700	1.000394354	1.000141614	1.000239275	1.000835233	1.000239275	1.000693651	1.002048894	1.000835233	1.002048894	1.003146346
5.5900	1.000409145	1.000182411	1.000202652	1.000833690	1.000202652	1.000574199	1.002289370	1.000833690	1.002289370	1.003188868
5.6100	1.000445943	1.000129369	1.000299375	1.001121301	1.000299375	1.000964403	1.002000149	1.001121301	1.002000149	1.002322114
5.6300	1.000320796	1.000080952	1.000130271	1.001005146	1.000130271	1.000755841	1.001276273	1.001005146	1.001276273	1.002274411
5.6500	1.000436301	1.000119839	1.000292976	1.001098757	1.000292976	1.001141101	1.001772274	1.001098757	1.001772274	1.002529264
5.6700	1.000428271	1.000072844	1.000458989	1.000741550	1.000458989	1.001032798	1.001815164	1.000741550	1.001815164	1.004657077
5.6900	1.000421163	1.000229468	1.000193298	1.000852002	1.000193298	1.000749612	1.001530377	1.000852002	1.001530377	1.004439754
5.7100	1.000433584	1.000117060	1.000409544	1.000867179	1.000409544	1.000755689	1.001890162	1.000867179	1.001890162	1.003443275
5.7300	1.000452261	1.000173265	1.000327632	1.001142211	1.000327632	1.000626430	1.001648182	1.001142211	1.001648182	1.002476537
5.7500	1.000481113	1.000231280	1.000472204	1.000681584	1.000472204	1.000822943	1.002104901	1.000681584	1.002104901	1.002309700
5.7700	1.000338385	1.000103741	1.000220623	1.000728299	1.000220623	1.000778647	1.001570859	1.000728299	1.001570859	1.002999339
5.7900	1.000486425	1.000239490	1.000345129	1.000728569	1.000345129	1.001246287	1.002022259	1.000728569	1.002022259	1.003997245
5.8100	1.000298379	0.999959082	1.000338977	1.000604107	1.000338977	1.000852197	1.002039665	1.000604107	1.002039665	1.002332902
5.8300	1.000487871	1.000315013	1.000331582	1.000641788	1.000331582	1.000488382	1.002188186	1.000641788	1.002188186	1.004398324
5.8500	1.000458954	1.000150199	1.000299894	1.000801607	1.000299894	1.000972383	1.002579634	1.000801607	1.002579634	1.004734194
5.8700	1.000497842	1.000248468	1.000374958	1.000998527	1.000374958	1.000665674	1.001612277	1.000998527	1.001612277	1.004036970
5.8900	1.000369223	1.000088675	1.000233534	1.000993395	1.000233534	1.000886288	1.001447790	1.000993395	1.001447790	1.002807029
5.9100	1.000351971	0.999986106	1.000266277	1.000905315	1.000266277	1.000535467	1.002248551	1.000905315	1.002248551	1.004629023
5.9300	1.000457917	1.000207076	1.000263829	1.000869202	1.000263829	1.000844027	1.002521355	1.000869202	1.002521355	1.002637423
5.9500	1.000456469	1.000184833	1.000378170	1.000874256	1.000378170	1.000392176	1.002019147	1.000874256	1.002019147	1.004130151
5.9700	1.000416389	1.000184778	1.000147199	1.000794658	1.000147199	1.001233453	1.002050390	1.000794658	1.002050390	1.004234559
5.9900	1.000313725	0.999970942	1.000231494	1.000800956	1.000231494	1.000752872	1.002196174	1.000800956	1.002196174	1.003317238
6.0100	1.000447747	1.000119924	1.000403016	1.000819710	1.000403016	1.001050528	1.002178502	1.000819710	1.002178502	1.003236035
6.0300	1.000450184	1.000215296	1.000176556	1.000882478	1.000176556	1.001300407	1.002075501	1.000882478	1.002075501	1.003694486
6.0500	1.000378469	1.000023400	1.000376502	1.000760735	1.000376502	1.001322526	1.001538425	1.000760735	1.001538425	1.004090155
6.0700	1.000357744	1.000078823	1.000239844	1.000746367	1.000239844	1.001167406	1.001567956	1.000746367	1.001567956	1.003832030
6.0900	1.000421423	1.000121256	1.000385802	1.000634079	1.000385802	1.001289698	1.001723636	1.000634079	1.001723636	1.004498718
6.1100	1.000387986	1.000104981	1.000170210	1.000653114	1.000170210	1.001809885	1.002009848	1.000653114	1.002009848	1.004507699
6.1300	1.000422326	1.000019071	1.000397322	1.001144399	1.000397322	1.001206700	1.001819511	1.001144399	1.001819511	1.002049744
6.1500	1.000519965	1.000244710	1.000336943	1.000903696	1.000336943	1.001443740	1.002104753	1.000903696	1.002104753	1.003751880
6.1700	1.000419081	1.000058002	1.000576565	1.000501565	1.000576565	1.001045419	1.002118175	1.000501565	1.002118175	1.003258917
6.1900	1.000402867	1.000045857	1.000442867	1.000973272	1.000442867	1.001184349	1.000950139	1.000973272	1.000950139	1.003493618
6.2100	1.000480875	1.000188984	1.000433915	1.000654437	1.000433915	1.001400403	1.001989924	1.000654437	1.001989924	1.003981762
6.2300	1.000432856	1.000024278	1.000491303	1.000666831	1.000491303	1.001487622	1.002337009	1.000666831	1.002337009	1.003726485
6.2500	1.000419279	1.000113587	1.000371182	1.000856059	1.000371182	1.000799225	1.001899459	1.000856059	1.001899459	1.003201144
6.2700	1.000411307	1.000163597	1.000317818	1.000512846	1.000317818	1.001231185	1.002041697	1.000512846	1.002041697	1.003973041
6.2900	1.000462601	1.000129908	1.000299102	1.001091632	1.000299102	1.001273339	1.001941690	1.001091632	1.001941690	1.003395386
6.3100	1.000533406	1.000192159	1.000557433	1.000842731	1.000557433	1.001309999	1.001764230	1.000842731	1.001764230	1.004245560
6.3300	1.000423572	1.000066919	1.000505838	1.000667488	1.000505838	1.001284886	1.001803707	1.000667488	1.001803707	1.003232415
6.3500	1.000433372	1.000038978	1.000461028	1.000955522	1.000461028	1.001223769	1.001743953	1.000955522	1.001743953	1.003284178
6.3700	1.000463061	1.000233335	1.000371127	1.000608488	1.000371127	1.001429358	1.001743705	1.000608488	1.001743705	1.003296395
6.3900	1.000533219	1.000181045	1.000550916	1.001058568	1.000550916	1.000967200	1.001818355	1.001058568	1.001818355	1.003070740
6.4100	1.000505536	1.000190799	1.000380840	1.001073842	1.000380840	1.000596689	1.002120030	1.001073842	1.002120030	1.004658021
6.4300	1.000469481	1.000174488	1.000238927	1.000885442	1.000238927	1.001689261	1.002155477	1.000885442	1.002155477	1.003965332
6.4500	1.000511062	1.000284531	1.000482454	1.000593809	1.000482454	1.001128900	1.002063958	1.000593809	1.002063958	1.002585107
6.4700	1.000523849	1.000208902	1.000396152	1.001213063	1.000396152	1.001160418	1.001603545	1.001213063	1.001603545	1.003030806
6.4900	1.000443902	1.000186744	1.000305101	1.000936090	1.000305101	1.000807598	1.001878498	1.000936090	1.001878498	1.002858436
6.5100	1.000426657	1.000201515	1.000316750	1.000628645	1.000316750	1.001158628	1.001742524	1.000628645	1.001742524	1.003541829
6.5300	1.000493283	1.000167908	1.000563262	1.000901956	1.000563262	1.001072915	1.001485589	1.000901956	1.001485589	1.002475241
6.5500	1.000407602	1.000173856	1.000405918	1.000715113	1.000405918	1.000472884	1.001524761	1.000715113	1.001524761	1.002881445
6.5700	1.000447804	1.000196346	1.000421303	1.000802617	1.000421303	1.001065698	1.001472458	1.000802617	1.001472458	1.001982154
6.5900	1.000373001	1.000041574	1.000460579	1.000697383	1.000460579	1.001000530	1.001460423	1.000697383	1.001460423	1.002770716
6.6100	1.000476631	1.000261175	1.000349937	1.000755201	1.000349937	1.000768570	1.002075570	1.000755201	1.002075570	1.003132395
6.6300	1.000404329	1.000155441	1.000350797	1.000918259	1.000350797	1.000831314	1.001205881	1.000918259	1.001205881	1.001995422
6.6500	1.000451296	1.000135464	1.000517678	1.000854769	1.000517678	1.000863850	1.001531443	1.000854769	1.001531443	1.002454133
6.6700	1.000448494	1.000232629	1.000377437	1.000642173	1.000377437	1.001066748	1.001632550	1.000642173	1.001632550	1.003114725
6.6900	1.000399557	1.000107130	1.000420993	1.000872791	1.000420993	1.000669821	1.001424896	1.000872791	1.001424896	1.002324103
6.7100	1.000346559	0.999954858	1.000302078	1.000947507	1.000302078	1.000990047	1.001986790	1.000947507	1.001986790	1.003249289
6.7300	1.000390831	1.000057920	1.000315855	1.000864847	1.000315855	1.001045967	1.001695083	1.000864847	1.001695083	1.004353524
6.7500	1.000330330	1.000071593	1.000301346	1.000792455	1.000301346	1.000695114	1.001132654	1.000792455	1.001132654	1.002692470
6.7700	1.000452536	1.000200037	1.000277464	1.001006082	1.000277464	1.000644543	1.001885620	1.001006082	1.001885620	1.003490790
6.7900	1.000388171	1.000020748	1.000321110	1.000944438	1.000321110	1.001260541	1.001850796	1.000944438	1.001850796	1.003158090
6.8100	1.000411187	1.000090388	1.000362103	1.000674507	1.000362103	1.001349231	1.002028815	1.000674507	1.002028815	1.003619183
6.8300	1.000401176	0.999969819	1.000528072	1.000847326	1.000528072	1.000942833	1.002135382	1.000847326	1.002135382	1.002637499
6.8500	1.000290976	0.999966620	1.000275268	1.000675737	1.000275268	1.001241167	1.001321209	1.000675737	1.001321209	1.003338247
6.8700	1.000403810	1.000002337	1.000370645	1.000936897	1.000370645	1.000963384	1.002417776	1.000936897	1.002417776	1.003256890
6.8900	1.000362588	1.000008269	1.000378556	1.000746708	1.000378556	1.000633531	1.002149845	1.000746708	1.002149845	1.003678093
6.9100	1.000287832	0.999888447	1.000321720	1.000822295	1.000321720	1.000758033	1.001637825	1.000822295	1.001637825	1.004162419
6.9300	1.000441054	1.000041992	1.000554076	1.000960045	1.000554076	1.000802416	1.001735234	1.000960045	1.001735234	1.002946065
6.9500	1.000416290	1.000049642	1.000429993	1.000813468	1.000429993	1.001250751	1.001925983	1.000813468	1.001925983	1.003075988
6.9700	1.000293764	0.999875849	1.000275998	1.000938751	1.000275998	1.000573214	1.002080851	1.000938751	1.002080851	1.003984144
6.9900	1.000309169	0.999961468	1.000202930	1.001010165	1.000202930	1.000492073	1.002083705	1.001010165	1.002083705	1.002679988
7.0100	1.000372124	0.999981337	1.000333028	1.000989396	1.000333028	1.000879151	1.002015102	1.000989396	1.002015102	1.003384242
7.0300	1.000397405	0.999979448	1.000382092	1.001047607	1.000382092	1.000805273	1.002149775	1.001047607	1.002149775	1.003571121
7.0500	1.000347743	1.000013119	1.000227295	1.000899472	1.000227295	1.000747926	1.002261007	1.000899472	1.002261007	1.003149421
7.0700	1.000290868	0.999899800	1.000285007	1.000878514	1.000285007	1.000475523	1.002059324	1.000878514	1.002059324	1.003585551
7.0900	1.000402038	1.000083978	1.000165320	1.001056222	1.000165320	1.001197459	1.001946762	1.001056222	1.001946762	1.004121660
7.1100	1.000324849	0.999880326	1.000258776	1.001153723	1.000258776	1.000576247	1.002138244	1.001153723	1.002138244	1.004102896
7.1300	1.000345762	0.999956298	1.000270594	1.000991227	1.000270594	1.000862607	1.002201245	1.000991227	1.002201245	1.003016600
7.1500	1.000457803	1.000100729	1.000303543	1.001307757	1.000303543	1.000708476	1.002041010	1.001307757	1.002041010	1.003043755
7.1700	1.000309977	0.999935766	1.000182256	1.001082339	1.000182256	1.000815990	1.001911468	1.001082339	1.001911468	1.002988334
7.1900	1.000284956	0.999918270	1.000119749	1.001000662	1.000119749	1.000673749	1.002378716	1.001000662	1.002378716	1.002935405
7.2100	1.000375368	0.999999194	1.000245760	1.001127038	1.000245760	1.000686664	1.002224767	1.001127038	1.002224767	1.003278178
7.2300	1.000400101	0.999940031	1.000353250	1.001257879	1.000353250	1.000717211	1.002161459	1.001257879	1.002161459	1.003940504
7.2500	1.000293477	0.999921647	1.000092954	1.001134513	1.000092954	1.000729943	1.002190456	1.001134513	1.002190456	1.003027883
7.2700	1.000380560	0.999983857	1.000224998	1.001308808	1.000224998	1.000512802	1.002199102	1.001308808	1.002199102	1.003380145
7.2900	1.000355665	0.999995418	1.000053549	1.001313990	1.000053549	1.000945243	1.002215325	1.001313990	1.002215325	1.003266559
7.3100	1.000267842	0.999900140	1.000144826	1.001017382	1.000144826	1.000628034	1.001903229	1.001017382	1.001903229	1.003263336
7.3300	1.000345039	1.000012649	1.000196024	1.001029352	1.000196024	1.000607680	1.002239995	1.001029352	1.002239995	1.002597573
7.3500	1.000279420	0.999905441	1.000151960	1.001057439	1.000151960	1.000436643	1.002116779	1.001057439	1.002116779	1.003308727
7.3700	1.000372222	0.999864567	1.000430981	1.001252184	1.000430981	1.000691505	1.002290441	1.001252184	1.002290441	1.002324591
7.3900	1.000330567	0.999859453	1.000393136	1.001146437	1.000393136	1.000386355	1.002047986	1.001146437	1.002047986	1.003145087
7.4100	1.000352226	0.999865610	1.000390048	1.001174643	1.000390048	1.000823028	1.002035361	1.001174643	1.002035361	1.003009414
7.4300	1.000357282	0.999943887	1.000363301	1.001055502	1.000363301	1.000664966	1.002108218	1.001055502	1.002108218	1.002433910
7.4500	1.000372300	0.999988839	1.000325333	1.001016791	1.000325333	1.000707574	1.002269157	1.001016791	1.002269157	1.002526699
7.4700	1.000430643	1.000052160	1.000402496	1.001208429	1.000402496	1.000630362	1.001918826	1.001208429	1.001918826	1.002119132
7.4900	1.000396443	0.999960041	1.000363703	1.001072752	1.000363703	1.001003145	1.002271971	1.001072752	1.002271971	1.003308503
7.5100	1.000406708	1.000000624	1.000374179	1.001030814	1.000374179	1.001189431	1.002169447	1.001030814	1.002169447	1.002301412
7.5300	1.000500941	1.000037917	1.000599018	1.001032087	1.000599018	1.001129352	1.002408052	1.001032087	1.002408052	1.002868092
7.5500	1.000463298	1.000003498	1.000492166	1.001148680	1.000492166	1.001175192	1.002269804	1.001148680	1.002269804	1.002518431
7.5700	1.000367848	0.999856696	1.000361646	1.001266046	1.000361646	1.000895416	1.002245042	1.001266046	1.002245042	1.003398341
7.5900	1.000373462	0.999912882	1.000385295	1.001117742	1.000385295	1.001096349	1.001925257	1.001117742	1.001925257	1.003099776
7.6100	1.000499107	1.000082295	1.000441509	1.001309094	1.000441509	1.001090337	1.002056570	1.001309094	1.002056570	1.002604114
7.6300	1.000343354	0.999904713	1.000330511	1.001142929	1.000330511	1.000968741	1.001768831	1.001142929	1.001768831	1.002804220
7.6500	1.000415030	0.999969486	1.000397081	1.001071230	1.000397081	1.001166084	1.002178077	1.001071230	1.002178077	1.003518442
7.6700	1.000430441	1.000009151	1.000421353	1.001104743	1.000421353	1.001216692	1.001884904	1.001104743	1.001884904	1.002934430
7.6900	1.000374397	0.999886786	1.000376807	1.001218100	1.000376807	1.001208679	1.002053240	1.001218100	1.002053240	1.002337313
7.7100	1.000399802	0.999969243	1.000408326	1.000962949	1.000408326	1.001446500	1.001979900	1.000962949	1.001979900	1.002880337
7.7300	1.000400949	1.000026728	1.000363753	1.000995051	1.000363753	1.000985046	1.002069446	1.000995051	1.002069446	1.002456418
7.7500	1.000402112	0.999966292	1.000413084	1.000956191	1.000413084	1.001706238	1.001898290	1.000956191	1.001898290	1.002505601
7.7700	1.000385670	0.999924985	1.000495636	1.000999824	1.000495636	1.001186875	1.001984824	1.000999824	1.001984824	1.001677917
7.7900	1.000360209	0.999877460	1.000377581	1.001165581	1.000377581	1.001107162	1.001968952	1.001165581	1.001968952	1.002835381
7.8100	1.000312413	0.999910471	1.000171408	1.001167451	1.000171408	1.000654340	1.002160229	1.001167451	1.002160229	1.003232777
7.8300	1.000358370	0.999994446	1.000301068	1.000960283	1.000301068	1.001104495	1.001735248	1.000960283	1.001735248	1.002888566
7.8500	1.000463575	1.000014236	1.000524198	1.001196739	1.000524198	1.000913655	1.001735482	1.001196739	1.001735482	1.003639281
7.8700	1.000340563	0.999910987	1.000348299	1.000921659	1.000348299	1.001248137	1.001929202	1.000921659	1.001929202	1.003065766
7.8900	1.000400725	0.999972101	1.000354404	1.001122963	1.000354404	1.001350675	1.001723275	1.001122963	1.001723275	1.003515811
7.9100	1.000353579	0.999890638	1.000354973	1.001122065	1.000354973	1.000651199	1.002197142	1.001122065	1.002197142	1.003680861
7.9300	1.000369658	0.999914629	1.000273611	1.001092486	1.000273611	1.001136913	1.002557343	1.001092486	1.002557343	1.003427763
7.9500	1.000411835	1.000086283	1.000307242	1.000970236	1.000307242	1.001294761	1.001698115	1.000970236	1.001698115	1.002813758
7.9700	1.000338145	0.999966897	1.000255880	1.001027581	1.000255880	1.000797562	1.001841141	1.001027581	1.001841141	1.003341982
7.9900	1.000332868	0.999893061	1.000452999	1.000754939	1.000452999	1.001012166	1.002070294	1.000754939	1.002070294	1.002951307
8.0100	1.000354832	0.999893060	1.000406203	1.001109046	1.000406203	1.001023758	1.001775581	1.001109046	1.001775581	1.002628782
8.0300	1.000300783	0.999919838	1.000293772	1.000791398	1.000293772	1.000788460	1.001966855	1.000791398	1.001966855	1.003693968
8.0500	1.000317489	0.999847949	1.000371354	1.000993581	1.000371354	1.001050744	1.001951247	1.000993581	1.001951247	1.002889716
8.0700	1.000365650	0.999879853	1.000341531	1.001315712	1.000341531	1.000876548	1.001814989	1.001315712	1.001814989	1.003711282
8.0900	1.000364260	0.999920628	1.000357022	1.001085993	1.000357022	1.001265529	1.001567670	1.001085993	1.001567670	1.003799701
8.1100	1.000305517	0.999857672	1.000284925	1.001048828	1.000284925	1.001280901	1.001632133	1.001048828	1.001632133	1.003226627
8.1300	1.000411873	1.000025684	1.000411074	1.001168508	1.000411074	1.000608053	1.001680342	1.001168508	1.001680342	1.002907555
8.1500	1.000402999	1.000014127	1.000264632	1.001119871	1.000264632	1.000946605	1.002217260	1.001119871	1.002217260	1.003879713
8.1700	1.000393830	0.999935643	1.000500160	1.001045756	1.000500160	1.001082732	1.001666818	1.001045756	1.001666818	1.002898894
8.1900	1.000335570	0.999935207	1.000261122	1.001032771	1.000261122	1.000788661	1.001995930	1.001032771	1.001995930	1.003836653
8.2100	1.000391020	0.999991763	1.000328961	1.001155157	1.000328961	1.000822832	1.001919957	1.001155157	1.001919957	1.003158378
8.2300	1.000314220	0.999858995	1.000248796	1.001196889	1.000248796	1.001009887	1.001814543	1.001196889	1.001814543	1.003320837
8.2500	1.000382773	0.999956616	1.000363167	1.001201424	1.000363167	1.000834874	1.001694268	1.001201424	1.001694268	1.003304970
8.2700	1.000403415	0.999999216	1.000331722	1.001096719	1.000331722	1.000944122	1.002052195	1.001096719	1.002052195	1.003765862
8.2900	1.000371996	1.000035262	1.000284418	1.001137813	1.000284418	1.000618085	1.001567684	1.001137813	1.001567684	1.002840679
8.3100	1.000361679	0.999977070	1.000271723	1.001287730	1.000271723	1.000675075	1.001632262	1.001287730	1.001632262	1.002425660
8.3300	1.000387323	1.000008142	1.000301167	1.001156329	1.000301167	1.000449973	1.002190688	1.001156329	1.002190688	1.003151386
8.3500	1.000356454	1.000013114	1.000194074	1.001117668	1.000194074	1.000679411	1.001912744	1.001117668	1.001912744	1.003564890
8.3700	1.000344903	0.999959465	1.000312438	1.000954635	1.000312438	1.001106362	1.001582905	1.000954635	1.001582905	1.003623844
8.3900	1.000357076	0.999977227	1.000268122	1.001171348	1.000268122	1.000843460	1.001527324	1.001171348	1.001527324	1.003445684
8.4100	1.000348751	1.000036486	1.000266935	1.000967388	1.000266935	1.000746314	1.001584261	1.000967388	1.001584261	1.002755863
8.4300	1.000312696	0.999915564	1.000272580	1.001057096	1.000272580	1.000790860	1.001763792	1.001057096	1.001763792	1.002762045
8.4500	1.000326420	0.999928103	1.000288155	1.001076286	1.000288155	1.000741654	1.001818537	1.001076286	1.001818537	1.002792053
8.4700	1.000397146	1.000058013	1.000271465	1.001285052	1.000271465	1.000509276	1.001509447	1.001285052	1.001509447	1.003210853
8.4900	1.000330356	0.999931174	1.000311933	1.000950875	1.000311933	1.001048178	1.001874164	1.000950875	1.001874164	1.002680577
8.5100	1.000340543	0.999993020	1.000225484	1.001208396	1.000225484	1.000645755	1.001633611	1.001208396	1.001633611	1.002046826
8.5300	1.000372096	0.999975438	1.000357120	1.001137659	1.000357120	1.000652942	1.001694287	1.001137659	1.001694287	1.003101957
8.5500	1.000360953	1.000004619	1.000228252	1.001072812	1.000228252	1.001095130	1.001679832	1.001072812	1.001679832	1.003375266
8.5700	1.000349222	0.999961479	1.000345468	1.001044161	1.000345468	1.000853837	1.001578136	1.001044161	1.001578136	1.002796664
8.5900	1.000363971	0.999966580	1.000322390	1.001074754	1.000322390	1.000767473	1.002030144	1.001074754	1.002030144	1.002774362
8.6100	1.000343698	0.999945022	1.000290511	1.001151281	1.000290511	1.000842168	1.001521121	1.001151281	1.001521121	1.003368558
8.6300	1.000417249	1.000041043	1.000310987	1.001209160	1.000310987	1.001172084	1.001787579	1.001209160	1.001787579	1.002245166
8.6500	1.000398017	1.000002550	1.000362259	1.001140319	1.000362259	1.000831253	1.001626149	1.001140319	1.001626149	1.003751475
8.6700	1.000348506	0.999934120	1.000306702	1.001076656	1.000306702	1.001315022	1.001647645	1.001076656	1.001647645	1.002577762
8.6900	1.000344987	0.999925168	1.000220041	1.001344905	1.000220041	1.000945873	1.001701505	1.001344905	1.001701505	1.002590375
8.7100	1.000445741	1.000021369	1.000414210	1.001291635	1.000414210	1.000838811	1.001942975	1.001291635	1.001942975	1.002719849
8.7300	1.000334185	0.999944244	1.000310115	1.001076050	1.000310115	1.000819592	1.001742292	1.001076050	1.001742292	1.002155584
8.7500	1.000352086	0.999999603	1.000301762	1.000994142	1.000301762	1.000942280	1.001728181	1.000994142	1.001728181	1.002183376
8.7700	1.000448077	1.000036611	1.000471582	1.001114786	1.000471582	1.001191493	1.001855581	1.001114786	1.001855581	1.002015602
8.7900	1.000402050	1.000084540	1.000355522	1.001053115	1.000355522	1.000732770	1.001694579	1.001053115	1.001694579	1.001652333
8.8100	1.000411881	1.000023582	1.000369657	1.001092243	1.000369657	1.001178684	1.001931242	1.001092243	1.001931242	1.001954013
8.8300	1.000389946	1.000019623	1.000270440	1.001013045	1.000270440	1.001634999	1.001831615	1.001013045	1.001831615	1.002427771
8.8500	1.000402475	0.999961134	1.000430746	1.001123480	1.000430746	1.001026414	1.001972818	1.001123480	1.001972818	1.002366370
8.8700	1.000408235	1.000033590	1.000429566	1.000993384	1.000429566	1.000927770	1.001757627	1.000993384	1.001757627	1.002505013
8.8900	1.000404657	0.999999419	1.000387208	1.001125723	1.000387208	1.001180868	1.001740663	1.001125723	1.001740663	1.002210423
8.9100	1.000449451	1.000057702	1.000428832	1.001155200	1.000428832	1.000642203	1.002149920	1.001155200	1.002149920	1.002768739
8.9300	1.000436646	1.000031481	1.000413904	1.001201745	1.000413904	1.000980151	1.001897433	1.001201745	1.001897433	1.002198046
8.9500	1.000401263	1.000049337	1.000331535	1.001001068	1.000331535	1.001068521	1.001709516	1.001001068	1.001709516	1.003313587
8.9700	1.000362423	1.000031651	1.000320380	1.000903490	1.000320380	1.001000033	1.001658389	1.000903490	1.001658389	1.002446935
8.9900	1.000375075	0.999980087	1.000374351	1.000994999	1.000374351	1.001095914	1.001752212	1.000994999	1.001752212	1.002687205
9.0100	1.000419638	1.000020902	1.000512434	1.000810814	1.000512434	1.001095779	1.002077936	1.000810814	1.002077936	1.002550999
9.0300	1.000397831	1.000008978	1.000370506	1.001037881	1.000370506	1.000967263	1.001870875	1.001037881	1.001870875	1.003095374
9.0500	1.000400544	1.000005817	1.000500270	1.000864076	1.000500270	1.000860075	1.001931428	1.000864076	1.001931428	1.002500856
9.0700	1.000374525	0.999995794	1.000339796	1.001006159	1.000339796	1.001019110	1.001900721	1.001006159	1.001900721	1.002384186
